0.00125	0.00125	0
0.00375	0.00125	-1.44927e-11
0.00625	0.00125	-3.018e-11
0.00875	0.00125	-4.11041e-11
0.01125	0.00125	-4.34121e-11
0.01375	0.00125	-3.53904e-11
0.01625	0.00125	-1.64801e-11
0.01875	0.00125	1.32774e-11
0.02125	0.00125	5.3545e-11
0.02375	0.00125	1.03842e-10
0.02625	0.00125	1.63607e-10
0.02875	0.00125	2.32224e-10
0.03125	0.00125	3.09025e-10
0.03375	0.00125	3.93293e-10
0.03625	0.00125	4.84257e-10
0.03875	0.00125	5.81093e-10
0.04125	0.00125	6.82932e-10
0.04375	0.00125	7.88856e-10
0.04625	0.00125	8.97908e-10
0.04875	0.00125	1.0091e-09
0.05125	0.00125	1.1214e-09
0.05375	0.00125	1.23377e-09
0.05625	0.00125	1.34515e-09
0.05875	0.00125	1.45448e-09
0.06125	0.00125	1.56069e-09
0.06375	0.00125	1.66272e-09
0.06625	0.00125	1.75955e-09
0.06875	0.00125	1.85015e-09
0.07125	0.00125	1.93356e-09
0.07375	0.00125	2.00885e-09
0.07625	0.00125	2.07512e-09
0.07875	0.00125	2.13156e-09
0.08125	0.00125	2.1774e-09
0.08375	0.00125	2.21201e-09
0.08625	0.00125	2.23492e-09
0.08875	0.00125	2.24601e-09
0.09125	0.00125	2.24583e-09
0.09375	0.00125	2.23614e-09
0.09625	0.00125	2.22094e-09
0.09875	0.00125	2.20641e-09
0.00125	0.00375	1.44453e-11
0.00375	0.00375	-1.6148e-13
0.00625	0.00375	-1.37377e-11
0.00875	0.00375	-2.22902e-11
0.01125	0.00375	-2.27942e-11
0.01375	0.00375	-1.37677e-11
0.01625	0.00375	5.41078e-12
0.01875	0.00375	3.4852e-11
0.02125	0.00375	7.43666e-11
0.02375	0.00375	1.23587e-10
0.02625	0.00375	1.82031e-10
0.02875	0.00375	2.49137e-10
0.03125	0.00375	3.24272e-10
0.03375	0.00375	4.06745e-10
0.03625	0.00375	4.95805e-10
0.03875	0.00375	5.90649e-10
0.04125	0.00375	6.90423e-10
0.04375	0.00375	7.94227e-10
0.04625	0.00375	9.01118e-10
0.04875	0.00375	1.01012e-09
0.05125	0.00375	1.12023e-09
0.05375	0.00375	1.23041e-09
0.05625	0.00375	1.33964e-09
0.05875	0.00375	1.44684e-09
0.06125	0.00375	1.55098e-09
0.06375	0.00375	1.65102e-09
0.06625	0.00375	1.74594e-09
0.06875	0.00375	1.83475e-09
0.07125	0.00375	1.91649e-09
0.07375	0.00375	1.99026e-09
0.07625	0.00375	2.05521e-09
0.07875	0.00375	2.11057e-09
0.08125	0.00375	2.15566e-09
0.08375	0.00375	2.18995e-09
0.08625	0.00375	2.21313e-09
0.08875	0.00375	2.22524e-09
0.09125	0.00375	2.22687e-09
0.09375	0.00375	2.21959e-09
0.09625	0.00375	2.20654e-09
0.09875	0.00375	2.1919e-09
0.00125	0.00625	3.02155e-11
0.00375	0.00625	1.30856e-11
0.00625	0.00625	-7.81766e-13
0.00875	0.00625	-8.67264e-12
0.01125	0.00625	-8.36539e-12
0.01375	0.00625	1.21393e-12
0.01625	0.00625	2.05542e-11
0.01875	0.00625	4.97779e-11
0.02125	0.00625	8.87584e-11
0.02375	0.00625	1.37196e-10
0.02625	0.00625	1.94669e-10
0.02875	0.00625	2.60656e-10
0.03125	0.00625	3.34561e-10
0.03375	0.00625	4.15715e-10
0.03625	0.00625	5.03388e-10
0.03875	0.00625	5.96792e-10
0.04125	0.00625	6.95087e-10
0.04375	0.00625	7.97386e-10
0.04625	0.00625	9.02758e-10
0.04875	0.00625	1.01024e-09
0.05125	0.00625	1.11883e-09
0.05375	0.00625	1.22753e-09
0.05625	0.00625	1.33528e-09
0.05875	0.00625	1.44106e-09
0.06125	0.00625	1.54382e-09
0.06375	0.00625	1.64254e-09
0.06625	0.00625	1.73621e-09
0.06875	0.00625	1.82384e-09
0.07125	0.00625	1.9045e-09
0.07375	0.00625	1.97731e-09
0.07625	0.00625	2.04144e-09
0.07875	0.00625	2.09616e-09
0.08125	0.00625	2.14084e-09
0.08375	0.00625	2.17503e-09
0.08625	0.00625	2.19845e-09
0.08875	0.00625	2.21117e-09
0.09125	0.00625	2.21365e-09
0.09375	0.00625	2.20705e-09
0.09625	0.00625	2.1937e-09
0.09875	0.00625	2.17653e-09
0.00125	0.00875	4.14741e-11
0.00375	0.00875	2.13115e-11
0.00625	0.00875	5.99981e-12
0.00875	0.00875	-2.34032e-12
0.01125	0.00875	-2.02726e-12
0.01375	0.00875	7.64994e-12
0.01625	0.00875	2.69954e-11
0.01875	0.00875	5.60678e-11
0.02125	0.00875	9.47418e-11
0.02375	0.00875	1.42745e-10
0.02625	0.00875	1.99684e-10
0.02875	0.00875	2.6507e-10
0.03125	0.00875	3.38328e-10
0.03375	0.00875	4.18806e-10
0.03625	0.00875	5.05789e-10
0.03875	0.00875	5.98499e-10
0.04125	0.00875	6.96106e-10
0.04375	0.00875	7.97727e-10
0.04625	0.00875	9.0244e-10
0.04875	0.00875	1.00928e-09
0.05125	0.00875	1.11727e-09
0.05375	0.00875	1.22537e-09
0.05625	0.00875	1.33257e-09
0.05875	0.00875	1.43783e-09
0.06125	0.00875	1.5401e-09
0.06375	0.00875	1.63837e-09
0.06625	0.00875	1.73162e-09
0.06875	0.00875	1.81887e-09
0.07125	0.00875	1.89919e-09
0.07375	0.00875	1.97171e-09
0.07625	0.00875	2.03562e-09
0.07875	0.00875	2.09019e-09
0.08125	0.00875	2.13483e-09
0.08375	0.00875	2.16909e-09
0.08625	0.00875	2.19269e-09
0.08875	0.00875	2.20563e-09
0.09125	0.00875	2.2082e-09
0.09375	0.00875	2.20117e-09
0.09625	0.00875	2.18638e-09
0.09875	0.00875	2.16616e-09
0.00125	0.01125	4.43873e-11
0.00375	0.01125	2.14594e-11
0.00625	0.01125	4.33983e-12
0.00875	0.01125	-5.00481e-12
0.01125	0.01125	-5.1687e-12
0.01375	0.01125	4.29927e-12
0.01625	0.01125	2.35595e-11
0.01875	0.01125	5.25836e-11
0.02125	0.01125	9.12137e-11
0.02375	0.01125	1.39174e-10
0.02625	0.01125	1.96083e-10
0.02875	0.01125	2.6146e-10
0.03125	0.01125	3.34742e-10
0.03375	0.01125	4.15287e-10
0.03625	0.01125	5.02383e-10
0.03875	0.01125	5.95257e-10
0.04125	0.01125	6.93078e-10
0.04375	0.01125	7.94966e-10
0.04625	0.01125	8.99994e-10
0.04875	0.01125	1.0072e-09
0.05125	0.01125	1.11559e-09
0.05375	0.01125	1.22413e-09
0.05625	0.01125	1.3318e-09
0.05875	0.01125	1.43755e-09
0.06125	0.01125	1.54033e-09
0.06375	0.01125	1.63911e-09
0.06625	0.01125	1.73287e-09
0.06875	0.01125	1.82062e-09
0.07125	0.01125	1.90142e-09
0.07375	0.01125	1.97438e-09
0.07625	0.01125	2.0387e-09
0.07875	0.01125	2.09366e-09
0.08125	0.01125	2.13864e-09
0.08375	0.01125	2.17317e-09
0.08625	0.01125	2.19696e-09
0.08875	0.01125	2.2099e-09
0.09125	0.01125	2.21211e-09
0.09375	0.01125	2.20414e-09
0.09625	0.01125	2.18754e-09
0.09875	0.01125	2.16455e-09
0.00125	0.01375	3.71125e-11
0.00375	0.01375	1.18713e-11
0.00625	0.01375	-7.03552e-12
0.00875	0.01375	-1.75692e-11
0.01125	0.01375	-1.84096e-11
0.01375	0.01375	-9.26777e-12
0.01625	0.01375	9.90957e-12
0.01875	0.01375	3.90405e-11
0.02125	0.01375	7.79212e-11
0.02375	0.01375	1.26256e-10
0.02625	0.01375	1.83655e-10
0.02875	0.01375	2.49637e-10
0.03125	0.01375	3.23637e-10
0.03375	0.01375	4.05013e-10
0.03625	0.01375	4.93049e-10
0.03875	0.01375	5.86967e-10
0.04125	0.01375	6.85931e-10
0.04375	0.01375	7.8905e-10
0.04625	0.01375	8.95391e-10
0.04875	0.01375	1.00398e-09
0.05125	0.01375	1.1138e-09
0.05375	0.01375	1.22383e-09
0.05625	0.01375	1.33302e-09
0.05875	0.01375	1.44029e-09
0.06125	0.01375	1.54459e-09
0.06375	0.01375	1.64486e-09
0.06625	0.01375	1.74007e-09
0.06875	0.01375	1.82921e-09
0.07125	0.01375	1.91131e-09
0.07375	0.01375	1.98547e-09
0.07625	0.01375	2.05086e-09
0.07875	0.01375	2.10674e-09
0.08125	0.01375	2.15247e-09
0.08375	0.01375	2.18755e-09
0.08625	0.01375	2.21163e-09
0.08875	0.01375	2.22451e-09
0.09125	0.01375	2.22622e-09
0.09375	0.01375	2.21713e-09
0.09625	0.01375	2.19876e-09
0.09875	0.01375	2.17346e-09
0.00125	0.01625	1.88014e-11
0.00375	0.01625	-8.39485e-12
0.00625	0.01625	-2.89601e-11
0.00875	0.01625	-4.0691e-11
0.01125	0.01625	-4.22423e-11
0.01375	0.01625	-3.33995e-11
0.01625	0.01625	-1.41983e-11
0.01875	0.01625	1.52464e-11
0.02125	0.01625	5.47058e-11
0.02375	0.01625	1.03854e-10
0.02625	0.01625	1.62283e-10
0.02875	0.01625	2.29498e-10
0.03125	0.01625	3.04923e-10
0.03375	0.01625	3.87906e-10
0.03625	0.01625	4.77719e-10
0.03875	0.01625	5.73572e-10
0.04125	0.01625	6.74613e-10
0.04375	0.01625	7.79938e-10
0.04625	0.01625	8.88595e-10
0.04875	0.01625	9.99591e-10
0.05125	0.01625	1.1119e-09
0.05375	0.01625	1.22446e-09
0.05625	0.01625	1.3362e-09
0.05875	0.01625	1.44604e-09
0.06125	0.01625	1.55288e-09
0.06375	0.01625	1.65564e-09
0.06625	0.01625	1.75325e-09
0.06875	0.01625	1.84468e-09
0.07125	0.01625	1.92892e-09
0.07375	0.01625	2.00505e-09
0.07625	0.01625	2.07218e-09
0.07875	0.01625	2.12955e-09
0.08125	0.01625	2.17649e-09
0.08375	0.01625	2.21244e-09
0.08625	0.01625	2.23699e-09
0.08875	0.01625	2.2499e-09
0.09125	0.01625	2.2511e-09
0.09375	0.01625	2.24092e-09
0.09625	0.01625	2.22093e-09
0.09875	0.01625	2.19365e-09
0.00125	0.01875	-1.09652e-11
0.00375	0.01875	-3.99297e-11
0.00625	0.01875	-6.205e-11
0.00875	0.01875	-7.49305e-11
0.01125	0.01875	-7.71445e-11
0.01375	0.01875	-6.85006e-11
0.01625	0.01875	-4.9084e-11
0.01875	0.01875	-1.90616e-11
0.02125	0.01875	2.13401e-11
0.02375	0.01875	7.17685e-11
0.02625	0.01875	1.31787e-10
0.02875	0.01875	2.00881e-10
0.03125	0.01875	2.78455e-10
0.03375	0.01875	3.63835e-10
0.03625	0.01875	4.56276e-10
0.03875	0.01875	5.54966e-10
0.04125	0.01875	6.59032e-10
0.04375	0.01875	7.67546e-10
0.04625	0.01875	8.79533e-10
0.04875	0.01875	9.93975e-10
0.05125	0.01875	1.10982e-09
0.05375	0.01875	1.22597e-09
0.05625	0.01875	1.34134e-09
0.05875	0.01875	1.4548e-09
0.06125	0.01875	1.56522e-09
0.06375	0.01875	1.67148e-09
0.06625	0.01875	1.77247e-09
0.06875	0.01875	1.86711e-09
0.07125	0.01875	1.95436e-09
0.07375	0.01875	2.03324e-09
0.07625	0.01875	2.10283e-09
0.07875	0.01875	2.1623e-09
0.08125	0.01875	2.21093e-09
0.08375	0.01875	2.24813e-09
0.08625	0.01875	2.27343e-09
0.08875	0.01875	2.28653e-09
0.09125	0.01875	2.28732e-09
0.09375	0.01875	2.27613e-09
0.09625	0.01875	2.25461e-09
0.09875	0.01875	2.22555e-09
0.00125	0.02125	-5.24908e-11
0.00375	0.02125	-8.31972e-11
0.00625	0.02125	-1.0684e-10
0.00875	0.02125	-1.20827e-10
0.01125	0.02125	-1.23624e-10
0.01375	0.02125	-1.15035e-10
0.01625	0.02125	-9.51694e-11
0.01875	0.02125	-6.42416e-11
0.02125	0.02125	-2.2504e-11
0.02375	0.02125	2.96964e-11
0.02625	0.02125	9.18907e-11
0.02875	0.02125	1.63532e-10
0.03125	0.02125	2.43998e-10
0.03375	0.02125	3.32586e-10
0.03625	0.02125	4.28525e-10
0.03875	0.02125	5.30973e-10
0.04125	0.02125	6.39029e-10
0.04375	0.02125	7.51735e-10
0.04625	0.02125	8.68086e-10
0.04875	0.02125	9.87031e-10
0.05125	0.02125	1.10748e-09
0.05375	0.02125	1.22832e-09
0.05625	0.02125	1.3484e-09
0.05875	0.02125	1.46655e-09
0.06125	0.02125	1.58162e-09
0.06375	0.02125	1.69242e-09
0.06625	0.02125	1.79781e-09
0.06875	0.02125	1.89663e-09
0.07125	0.02125	1.9878e-09
0.07375	0.02125	2.07027e-09
0.07625	0.02125	2.14306e-09
0.07875	0.02125	2.20529e-09
0.08125	0.02125	2.25617e-09
0.08375	0.02125	2.29505e-09
0.08625	0.02125	2.32141e-09
0.08875	0.02125	2.33492e-09
0.09125	0.02125	2.33544e-09
0.09375	0.02125	2.3233e-09
0.09625	0.02125	2.30031e-09
0.09875	0.02125	2.26947e-09
0.00125	0.02375	-1.06121e-10
0.00375	0.02375	-1.38667e-10
0.00625	0.02375	-1.63876e-10
0.00875	0.02375	-1.78956e-10
0.01125	0.02375	-1.82253e-10
0.01375	0.02375	-1.73554e-10
0.01625	0.02375	-1.52984e-10
0.01875	0.02375	-1.20785e-10
0.02125	0.02375	-7.7269e-11
0.02375	0.02375	-2.27744e-11
0.02625	0.02375	4.221e-11
0.02875	0.02375	1.17097e-10
0.03125	0.02375	2.01226e-10
0.03375	0.02375	2.93862e-10
0.03625	0.02375	3.94194e-10
0.03875	0.02375	5.01348e-10
0.04125	0.02375	6.14386e-10
0.04375	0.02375	7.32313e-10
0.04625	0.02375	8.54088e-10
0.04875	0.02375	9.78621e-10
0.05125	0.02375	1.10478e-09
0.05375	0.02375	1.23142e-09
0.05625	0.02375	1.35733e-09
0.05875	0.02375	1.48131e-09
0.06125	0.02375	1.60213e-09
0.06375	0.02375	1.71857e-09
0.06625	0.02375	1.82941e-09
0.06875	0.02375	1.93344e-09
0.07125	0.02375	2.02948e-09
0.07375	0.02375	2.11644e-09
0.07625	0.02375	2.19324e-09
0.07875	0.02375	2.25894e-09
0.08125	0.02375	2.31268e-09
0.08375	0.02375	2.35373e-09
0.08625	0.02375	2.38153e-09
0.08875	0.02375	2.39569e-09
0.09125	0.02375	2.39608e-09
0.09375	0.02375	2.38305e-09
0.09625	0.02375	2.35854e-09
0.09875	0.02375	2.32581e-09
0.00125	0.02625	-1.72317e-10
0.00375	0.02625	-2.06891e-10
0.00625	0.02625	-2.33774e-10
0.00875	0.02625	-2.49968e-10
0.01125	0.02625	-2.5369e-10
0.01375	0.02625	-2.44707e-10
0.01625	0.02625	-2.23155e-10
0.01875	0.02625	-1.89303e-10
0.02125	0.02625	-1.43513e-10
0.02375	0.02625	-8.61649e-11
0.02625	0.02625	-1.77426e-11
0.02875	0.02625	6.11228e-11
0.03125	0.02625	1.49723e-10
0.03375	0.02625	2.47279e-10
0.03625	0.02625	3.52937e-10
0.03875	0.02625	4.65779e-10
0.04125	0.02625	5.84823e-10
0.04375	0.02625	7.09035e-10
0.04625	0.02625	8.37328e-10
0.04875	0.02625	9.6857e-10
0.05125	0.02625	1.10159e-09
0.05375	0.02625	1.23518e-09
0.05625	0.02625	1.36809e-09
0.05875	0.02625	1.49906e-09
0.06125	0.02625	1.62681e-09
0.06375	0.02625	1.75003e-09
0.06625	0.02625	1.86745e-09
0.06875	0.02625	1.97776e-09
0.07125	0.02625	2.07972e-09
0.07375	0.02625	2.17213e-09
0.07625	0.02625	2.25383e-09
0.07875	0.02625	2.32379e-09
0.08125	0.02625	2.38105e-09
0.08375	0.02625	2.42482e-09
0.08625	0.02625	2.45448e-09
0.08875	0.02625	2.46958e-09
0.09125	0.02625	2.46998e-09
0.09375	0.02625	2.45606e-09
0.09625	0.02625	2.42994e-09
0.09875	0.02625	2.39512e-09
0.00125	0.02875	-2.5168e-10
0.00375	0.02875	-2.88539e-10
0.00625	0.02875	-3.17262e-10
0.00875	0.02875	-3.34624e-10
0.01125	0.02875	-3.38708e-10
0.01375	0.02875	-3.29259e-10
0.01625	0.02875	-3.06427e-10
0.01875	0.02875	-2.70514e-10
0.02125	0.02875	-2.21922e-10
0.02375	0.02875	-1.61109e-10
0.02625	0.02875	-8.85586e-11
0.02875	0.02875	-4.93881e-12
0.03125	0.02875	8.89841e-11
0.03375	0.02875	1.92376e-10
0.03625	0.02875	3.04333e-10
0.03875	0.02875	4.23885e-10
0.04125	0.02875	5.50003e-10
0.04375	0.02875	6.81603e-10
0.04625	0.02875	8.17551e-10
0.04875	0.02875	9.56667e-10
0.05125	0.02875	1.09773e-09
0.05375	0.02875	1.23947e-09
0.05625	0.02875	1.38061e-09
0.05875	0.02875	1.5198e-09
0.06125	0.02875	1.6557e-09
0.06375	0.02875	1.78693e-09
0.06625	0.02875	1.91212e-09
0.06875	0.02875	2.02989e-09
0.07125	0.02875	2.13889e-09
0.07375	0.02875	2.2378e-09
0.07625	0.02875	2.32538e-09
0.07875	0.02875	2.40046e-09
0.08125	0.02875	2.462e-09
0.08375	0.02875	2.50911e-09
0.08625	0.02875	2.54108e-09
0.08875	0.02875	2.55743e-09
0.09125	0.02875	2.55799e-09
0.09375	0.02875	2.54319e-09
0.09625	0.02875	2.51531e-09
0.09875	0.02875	2.47812e-09
0.00125	0.03125	-3.44968e-10
0.00375	0.03125	-3.84426e-10
0.00625	0.03125	-4.15202e-10
0.00875	0.03125	-4.33819e-10
0.01125	0.03125	-4.3821e-10
0.01375	0.03125	-4.28105e-10
0.01625	0.03125	-4.03674e-10
0.01875	0.03125	-3.65258e-10
0.02125	0.03125	-3.13306e-10
0.02375	0.03125	-2.48357e-10
0.02625	0.03125	-1.70934e-10
0.02875	0.03125	-8.17308e-11
0.03125	0.03125	1.84179e-11
0.03375	0.03125	1.28614e-10
0.03625	0.03125	2.47893e-10
0.03875	0.03125	3.75227e-10
0.04125	0.03125	5.09531e-10
0.04375	0.03125	6.49669e-10
0.04625	0.03125	7.94455e-10
0.04875	0.03125	9.42657e-10
0.05125	0.03125	1.093e-09
0.05375	0.03125	1.24417e-09
0.05625	0.03125	1.3948e-09
0.05875	0.03125	1.54351e-09
0.06125	0.03125	1.68886e-09
0.06375	0.03125	1.8294e-09
0.06625	0.03125	1.96366e-09
0.06875	0.03125	2.09015e-09
0.07125	0.03125	2.2074e-09
0.07375	0.03125	2.31398e-09
0.07625	0.03125	2.40851e-09
0.07875	0.03125	2.48969e-09
0.08125	0.03125	2.55635e-09
0.08375	0.03125	2.60749e-09
0.08625	0.03125	2.64231e-09
0.08875	0.03125	2.66026e-09
0.09125	0.03125	2.66114e-09
0.09375	0.03125	2.64543e-09
0.09625	0.03125	2.61558e-09
0.09875	0.03125	2.5757e-09
0.00125	0.03375	-4.53104e-10
0.00375	0.03375	-4.95528e-10
0.00625	0.03375	-5.28615e-10
0.00875	0.03375	-5.486e-10
0.01125	0.03375	-5.53253e-10
0.01375	0.03375	-5.42289e-10
0.01625	0.03375	-5.1591e-10
0.01875	0.03375	-4.74504e-10
0.02125	0.03375	-4.18582e-10
0.02375	0.03375	-3.48765e-10
0.02625	0.03375	-2.65663e-10
0.02875	0.03375	-1.69988e-10
0.03125	0.03375	-6.26492e-11
0.03375	0.03375	5.53783e-11
0.03625	0.03375	1.8306e-10
0.03875	0.03375	3.19302e-10
0.04125	0.03375	4.62959e-10
0.04375	0.03375	6.12836e-10
0.04625	0.03375	7.67692e-10
0.04875	0.03375	9.26243e-10
0.05125	0.03375	1.08716e-09
0.05375	0.03375	1.24907e-09
0.05625	0.03375	1.41055e-09
0.05875	0.03375	1.57014e-09
0.06125	0.03375	1.72633e-09
0.06375	0.03375	1.87757e-09
0.06625	0.03375	2.02229e-09
0.06875	0.03375	2.15888e-09
0.07125	0.03375	2.28573e-09
0.07375	0.03375	2.40127e-09
0.07625	0.03375	2.50395e-09
0.07875	0.03375	2.59233e-09
0.08125	0.03375	2.66508e-09
0.08375	0.03375	2.72104e-09
0.08625	0.03375	2.75931e-09
0.08875	0.03375	2.77926e-09
0.09125	0.03375	2.78064e-09
0.09375	0.03375	2.76397e-09
0.09625	0.03375	2.73192e-09
0.09875	0.03375	2.68896e-09
0.00125	0.03625	-5.77183e-10
0.00375	0.03625	-6.22998e-10
0.00625	0.03625	-6.58702e-10
0.00875	0.03625	-6.80196e-10
0.01125	0.03625	-6.85068e-10
0.01375	0.03625	-6.73023e-10
0.01625	0.03625	-6.44306e-10
0.01875	0.03625	-5.99372e-10
0.02125	0.03625	-5.38808e-10
0.02375	0.03625	-4.63326e-10
0.02625	0.03625	-3.73651e-10
0.02875	0.03625	-2.70541e-10
0.03125	0.03625	-1.54974e-10
0.03375	0.03625	-2.80176e-11
0.03625	0.03625	1.09213e-10
0.03875	0.03625	2.55551e-10
0.04125	0.03625	4.09782e-10
0.04375	0.03625	5.70653e-10
0.04625	0.03625	7.36865e-10
0.04875	0.03625	9.0708e-10
0.05125	0.03625	1.07992e-09
0.05375	0.03625	1.25395e-09
0.05625	0.03625	1.42769e-09
0.05875	0.03625	1.59961e-09
0.06125	0.03625	1.76811e-09
0.06375	0.03625	1.93155e-09
0.06625	0.03625	2.08824e-09
0.06875	0.03625	2.23643e-09
0.07125	0.03625	2.37438e-09
0.07375	0.03625	2.50031e-09
0.07625	0.03625	2.61251e-09
0.07875	0.03625	2.70933e-09
0.08125	0.03625	2.78927e-09
0.08375	0.03625	2.85098e-09
0.08625	0.03625	2.89341e-09
0.08875	0.03625	2.91581e-09
0.09125	0.03625	2.9179e-09
0.09375	0.03625	2.90022e-09
0.09625	0.03625	2.86569e-09
0.09875	0.03625	2.8192e-09
0.00125	0.03875	-7.18488e-10
0.00375	0.03875	-7.6819e-10
0.00625	0.03875	-8.06869e-10
0.00875	0.03875	-8.30041e-10
0.01125	0.03875	-8.35085e-10
0.01375	0.03875	-8.21708e-10
0.01625	0.03875	-7.90213e-10
0.01875	0.03875	-7.41141e-10
0.02125	0.03875	-6.75182e-10
0.02375	0.03875	-5.93157e-10
0.02625	0.03875	-4.95924e-10
0.02875	0.03875	-3.84317e-10
0.03125	0.03875	-2.59396e-10
0.03375	0.03875	-1.22331e-10
0.03625	0.03875	2.56691e-11
0.03875	0.03875	1.83356e-10
0.04125	0.03875	3.49446e-10
0.04375	0.03875	5.2262e-10
0.04625	0.03875	7.01525e-10
0.04875	0.03875	8.84774e-10
0.05125	0.03875	1.07093e-09
0.05375	0.03875	1.25852e-09
0.05625	0.03875	1.446e-09
0.05875	0.03875	1.63177e-09
0.06125	0.03875	1.81416e-09
0.06375	0.03875	1.99141e-09
0.06625	0.03875	2.16171e-09
0.06875	0.03875	2.32317e-09
0.07125	0.03875	2.47385e-09
0.07375	0.03875	2.61179e-09
0.07625	0.03875	2.73506e-09
0.07875	0.03875	2.84177e-09
0.08125	0.03875	2.93017e-09
0.08375	0.03875	2.99872e-09
0.08625	0.03875	3.04614e-09
0.08875	0.03875	3.07155e-09
0.09125	0.03875	3.0746e-09
0.09375	0.03875	3.05585e-09
0.09625	0.03875	3.01851e-09
0.09875	0.03875	2.96796e-09
0.00125	0.04125	-8.78517e-10
0.00375	0.04125	-9.32684e-10
0.00625	0.04125	-9.74759e-10
0.00875	0.04125	-9.99804e-10
0.01125	0.04125	-1.00497e-09
0.01375	0.04125	-9.89963e-10
0.01625	0.04125	-9.55178e-10
0.01875	0.04125	-9.01266e-10
0.02125	0.04125	-8.2905e-10
0.02375	0.04125	-7.39492e-10
0.02625	0.04125	-6.33606e-10
0.02875	0.04125	-5.12333e-10
0.03125	0.04125	-3.76827e-10
0.03375	0.04125	-2.28382e-10
0.03625	0.04125	-6.83097e-11
0.03875	0.04125	1.02053e-10
0.04125	0.04125	2.81346e-10
0.04375	0.04125	4.68188e-10
0.04625	0.04125	6.61174e-10
0.04875	0.04125	8.5887e-10
0.05125	0.04125	1.0598e-09
0.05375	0.04125	1.26245e-09
0.05625	0.04125	1.46521e-09
0.05875	0.04125	1.66644e-09
0.06125	0.04125	1.86437e-09
0.06375	0.04125	2.05716e-09
0.06625	0.04125	2.24285e-09
0.06875	0.04125	2.41939e-09
0.07125	0.04125	2.58466e-09
0.07375	0.04125	2.73645e-09
0.07625	0.04125	2.87256e-09
0.07875	0.04125	2.99083e-09
0.08125	0.04125	3.0892e-09
0.08375	0.04125	3.16585e-09
0.08625	0.04125	3.21927e-09
0.08875	0.04125	3.24836e-09
0.09125	0.04125	3.25268e-09
0.09375	0.04125	3.2328e-09
0.09625	0.04125	3.19227e-09
0.09875	0.04125	3.13704e-09
0.00125	0.04375	-1.059e-09
0.00375	0.04375	-1.11832e-09
0.00625	0.04375	-1.16429e-09
0.00875	0.04375	-1.19144e-09
0.01125	0.04375	-1.19665e-09
0.01375	0.04375	-1.17966e-09
0.01625	0.04375	-1.14097e-09
0.01875	0.04375	-1.08139e-09
0.02125	0.04375	-1.00192e-09
0.02375	0.04375	-9.03701e-10
0.02625	0.04375	-7.8793e-10
0.02875	0.04375	-6.5569e-10
0.03125	0.04375	-5.08252e-10
0.03375	0.04375	-3.47048e-10
0.03625	0.04375	-1.73508e-10
0.03875	0.04375	1.09325e-11
0.04125	0.04375	2.04837e-10
0.04375	0.04375	4.06763e-10
0.04625	0.04375	6.1526e-10
0.04875	0.04375	8.28857e-10
0.05125	0.04375	1.04605e-09
0.05375	0.04375	1.26529e-09
0.05625	0.04375	1.48494e-09
0.05875	0.04375	1.7033e-09
0.06125	0.04375	1.91854e-09
0.06375	0.04375	2.12871e-09
0.06625	0.04375	2.33173e-09
0.06875	0.04375	2.52538e-09
0.07125	0.04375	2.70729e-09
0.07375	0.04375	2.875e-09
0.07625	0.04375	3.02601e-09
0.07875	0.04375	3.15779e-09
0.08125	0.04375	3.26792e-09
0.08375	0.04375	3.35423e-09
0.08625	0.04375	3.41485e-09
0.08875	0.04375	3.44846e-09
0.09125	0.04375	3.45444e-09
0.09375	0.04375	3.43339e-09
0.09625	0.04375	3.38922e-09
0.09875	0.04375	3.32858e-09
0.00125	0.04625	-1.26197e-09
0.00375	0.04625	-1.32726e-09
0.00625	0.04625	-1.37771e-09
0.00875	0.04625	-1.40722e-09
0.01125	0.04625	-1.41237e-09
0.01375	0.04625	-1.39295e-09
0.01625	0.04625	-1.34961e-09
0.01875	0.04625	-1.28339e-09
0.02125	0.04625	-1.19549e-09
0.02375	0.04625	-1.08729e-09
0.02625	0.04625	-9.60236e-10
0.02875	0.04625	-8.15569e-10
0.03125	0.04625	-6.54707e-10
0.03375	0.04625	-4.79245e-10
0.03625	0.04625	-2.90744e-10
0.03875	0.04625	-9.07437e-11
0.04125	0.04625	1.19241e-10
0.04375	0.04625	3.37712e-10
0.04625	0.04625	5.63183e-10
0.04875	0.04625	7.94163e-10
0.05125	0.04625	1.02913e-09
0.05375	0.04625	1.26653e-09
0.05625	0.04625	1.50472e-09
0.05875	0.04625	1.74194e-09
0.06125	0.04625	1.97634e-09
0.06375	0.04625	2.20587e-09
0.06625	0.04625	2.42831e-09
0.06875	0.04625	2.64126e-09
0.07125	0.04625	2.84213e-09
0.07375	0.04625	3.02815e-09
0.07625	0.04625	3.19643e-09
0.07875	0.04625	3.34403e-09
0.08125	0.04625	3.46808e-09
0.08375	0.04625	3.56592e-09
0.08625	0.04625	3.63527e-09
0.08875	0.04625	3.67445e-09
0.09125	0.04625	3.68261e-09
0.09375	0.04625	3.66036e-09
0.09625	0.04625	3.612e-09
0.09875	0.04625	3.54507e-09
0.00125	0.04875	-1.48975e-09
0.00375	0.04875	-1.56202e-09
0.00625	0.04875	-1.61766e-09
0.00875	0.04875	-1.64983e-09
0.01125	0.04875	-1.65476e-09
0.01375	0.04875	-1.63233e-09
0.01625	0.04875	-1.58343e-09
0.01875	0.04875	-1.50935e-09
0.02125	0.04875	-1.41163e-09
0.02375	0.04875	-1.29192e-09
0.02625	0.04875	-1.15196e-09
0.02875	0.04875	-9.93213e-10
0.03125	0.04875	-8.1727e-10
0.03375	0.04875	-6.25913e-10
0.03625	0.04875	-4.20848e-10
0.03875	0.04875	-2.03726e-10
0.04125	0.04875	2.38633e-11
0.04375	0.04875	2.60375e-10
0.04625	0.04875	5.04302e-10
0.04875	0.04875	7.54152e-10
0.05125	0.04875	1.00842e-09
0.05375	0.04875	1.26555e-09
0.05625	0.04875	1.52393e-09
0.05875	0.04875	1.7818e-09
0.06125	0.04875	2.03727e-09
0.06375	0.04875	2.28823e-09
0.06625	0.04875	2.53235e-09
0.06875	0.04875	2.76705e-09
0.07125	0.04875	2.98947e-09
0.07375	0.04875	3.19651e-09
0.07625	0.04875	3.38484e-09
0.07875	0.04875	3.55101e-09
0.08125	0.04875	3.69157e-09
0.08375	0.04875	3.80327e-09
0.08625	0.04875	3.88326e-09
0.08875	0.04875	3.92936e-09
0.09125	0.04875	3.94042e-09
0.09375	0.04875	3.91696e-09
0.09625	0.04875	3.8638e-09
0.09875	0.04875	3.78947e-09
0.00125	0.05125	-1.74514e-09
0.00375	0.05125	-1.82561e-09
0.00625	0.05125	-1.8873e-09
0.00875	0.05125	-1.92245e-09
0.01125	0.05125	-1.9269e-09
0.01375	0.05125	-1.9007e-09
0.01625	0.05125	-1.84505e-09
0.01875	0.05125	-1.76165e-09
0.02125	0.05125	-1.6524e-09
0.02375	0.05125	-1.51936e-09
0.02625	0.05125	-1.36461e-09
0.02875	0.05125	-1.18991e-09
0.03125	0.05125	-9.97031e-10
0.03375	0.05125	-7.87985e-10
0.03625	0.05125	-5.64637e-10
0.03875	0.05125	-3.28749e-10
0.04125	0.05125	-8.19843e-11
0.04375	0.05125	1.74082e-10
0.04625	0.05125	4.37943e-10
0.04875	0.05125	7.0813e-10
0.05125	0.05125	9.83182e-10
0.05375	0.05125	1.2616e-09
0.05625	0.05125	1.54181e-09
0.05875	0.05125	1.82211e-09
0.06125	0.05125	2.10061e-09
0.06375	0.05125	2.37517e-09
0.06625	0.05125	2.64338e-09
0.06875	0.05125	2.90248e-09
0.07125	0.05125	3.14936e-09
0.07375	0.05125	3.38052e-09
0.07625	0.05125	3.59215e-09
0.07875	0.05125	3.78019e-09
0.08125	0.05125	3.94046e-09
0.08375	0.05125	4.06894e-09
0.08625	0.05125	4.162e-09
0.08875	0.05125	4.21681e-09
0.09125	0.05125	4.23173e-09
0.09375	0.05125	4.20715e-09
0.09625	0.05125	4.14844e-09
0.09875	0.05125	4.06534e-09
0.00125	0.05375	-2.03139e-09
0.00375	0.05375	-2.12162e-09
0.00625	0.05375	-2.1904e-09
0.00875	0.05375	-2.22886e-09
0.01125	0.05375	-2.23244e-09
0.01375	0.05375	-2.20143e-09
0.01625	0.05375	-2.13752e-09
0.01875	0.05375	-2.04291e-09
0.02125	0.05375	-1.92006e-09
0.02375	0.05375	-1.77151e-09
0.02625	0.05375	-1.59977e-09
0.02875	0.05375	-1.40694e-09
0.03125	0.05375	-1.19505e-09
0.03375	0.05375	-9.66349e-10
0.03625	0.05375	-7.22874e-10
0.03875	0.05375	-4.66502e-10
0.04125	0.05375	-1.98956e-10
0.04375	0.05375	7.81773e-11
0.04625	0.05375	3.63417e-10
0.04875	0.05375	6.55356e-10
0.05125	0.05375	9.52617e-10
0.05375	0.05375	1.2538e-09
0.05625	0.05375	1.55743e-09
0.05875	0.05375	1.8619e-09
0.06125	0.05375	2.16538e-09
0.06375	0.05375	2.46576e-09
0.06625	0.05375	2.76059e-09
0.06875	0.05375	3.04696e-09
0.07125	0.05375	3.32151e-09
0.07375	0.05375	3.58035e-09
0.07625	0.05375	3.81911e-09
0.07875	0.05375	4.03297e-09
0.08125	0.05375	4.21689e-09
0.08375	0.05375	4.36583e-09
0.08625	0.05375	4.47515e-09
0.08875	0.05375	4.54106e-09
0.09125	0.05375	4.56122e-09
0.09375	0.05375	4.53574e-09
0.09625	0.05375	4.47058e-09
0.09875	0.05375	4.377e-09
0.00125	0.05625	-2.35246e-09
0.00375	0.05625	-2.45442e-09
0.00625	0.05625	-2.53156e-09
0.00875	0.05625	-2.57364e-09
0.01125	0.05625	-2.5757e-09
0.01375	0.05625	-2.53845e-09
0.01625	0.05625	-2.46426e-09
0.01875	0.05625	-2.35608e-09
0.02125	0.05625	-2.21704e-09
0.02375	0.05625	-2.05035e-09
0.02625	0.05625	-1.85901e-09
0.02875	0.05625	-1.64555e-09
0.03125	0.05625	-1.41231e-09
0.03375	0.05625	-1.16179e-09
0.03625	0.05625	-8.9622e-10
0.03875	0.05625	-6.17577e-10
0.04125	0.05625	-3.27629e-10
0.04375	0.05625	-2.79491e-11
0.04625	0.05625	2.80046e-10
0.04875	0.05625	5.95053e-10
0.05125	0.05625	9.15828e-10
0.05375	0.05625	1.24113e-09
0.05625	0.05625	1.56964e-09
0.05875	0.05625	1.89992e-09
0.06125	0.05625	2.23027e-09
0.06375	0.05625	2.55868e-09
0.06625	0.05625	2.88272e-09
0.06875	0.05625	3.19942e-09
0.07125	0.05625	3.50519e-09
0.07375	0.05625	3.79574e-09
0.07625	0.05625	4.06609e-09
0.07875	0.05625	4.31056e-09
0.08125	0.05625	4.52302e-09
0.08375	0.05625	4.69715e-09
0.08625	0.05625	4.82691e-09
0.08875	0.05625	4.90719e-09
0.09125	0.05625	4.93459e-09
0.09375	0.05625	4.9087e-09
0.09625	0.05625	4.83607e-09
0.09875	0.05625	4.72981e-09
0.00125	0.05875	-2.71321e-09
0.00375	0.05875	-2.82942e-09
0.00625	0.05875	-2.91644e-09
0.00875	0.05875	-2.96236e-09
0.01125	0.05875	-2.96186e-09
0.01375	0.05875	-2.91636e-09
0.01625	0.05875	-2.82921e-09
0.01875	0.05875	-2.70438e-09
0.02125	0.05875	-2.54595e-09
0.02375	0.05875	-2.35791e-09
0.02625	0.05875	-2.14388e-09
0.02875	0.05875	-1.90689e-09
0.03125	0.05875	-1.64965e-09
0.03375	0.05875	-1.37494e-09
0.03625	0.05875	-1.08517e-09
0.03875	0.05875	-7.82413e-10
0.04125	0.05875	-4.68453e-10
0.04375	0.05875	-1.44813e-10
0.04625	0.05875	1.87201e-10
0.04875	0.05875	5.26439e-10
0.05125	0.05875	8.71853e-10
0.05375	0.05875	1.22242e-09
0.05625	0.05875	1.57707e-09
0.05875	0.05875	1.9346e-09
0.06125	0.05875	2.29355e-09
0.06375	0.05875	2.65211e-09
0.06625	0.05875	3.00796e-09
0.06875	0.05875	3.35816e-09
0.07125	0.05875	3.69897e-09
0.07375	0.05875	4.02577e-09
0.07625	0.05875	4.33291e-09
0.07875	0.05875	4.61376e-09
0.08125	0.05875	4.86087e-09
0.08375	0.05875	5.06627e-09
0.08625	0.05875	5.22208e-09
0.08875	0.05875	5.3213e-09
0.09125	0.05875	5.35892e-09
0.09375	0.05875	5.33357e-09
0.09625	0.05875	5.25233e-09
0.09875	0.05875	5.13054e-09
0.00125	0.06125	-3.11975e-09
0.00375	0.06125	-3.25348e-09
0.00625	0.06125	-3.35217e-09
0.00875	0.06125	-3.4019e-09
0.01125	0.06125	-3.39716e-09
0.01375	0.06125	-3.34051e-09
0.01625	0.06125	-3.23678e-09
0.01875	0.06125	-3.09133e-09
0.02125	0.06125	-2.90945e-09
0.02375	0.06125	-2.69617e-09
0.02625	0.06125	-2.45576e-09
0.02875	0.06125	-2.19189e-09
0.03125	0.06125	-1.90766e-09
0.03375	0.06125	-1.60616e-09
0.03625	0.06125	-1.28997e-09
0.03875	0.06125	-9.61219e-10
0.04125	0.06125	-6.21683e-10
0.04375	0.06125	-2.72779e-10
0.04625	0.06125	8.43468e-11
0.04875	0.06125	4.48764e-10
0.05125	0.06125	8.19686e-10
0.05375	0.06125	1.19639e-09
0.05625	0.06125	1.57814e-09
0.05875	0.06125	1.96407e-09
0.06125	0.06125	2.35306e-09
0.06375	0.06125	2.74364e-09
0.06625	0.06125	3.13376e-09
0.06875	0.06125	3.52064e-09
0.07125	0.06125	3.90054e-09
0.07375	0.06125	4.26857e-09
0.07625	0.06125	4.61849e-09
0.07875	0.06125	4.94264e-09
0.08125	0.06125	5.23202e-09
0.08375	0.06125	5.4766e-09
0.08625	0.06125	5.66602e-09
0.08875	0.06125	5.79064e-09
0.09125	0.06125	5.84298e-09
0.09375	0.06125	5.82002e-09
0.09625	0.06125	5.72906e-09
0.09875	0.06125	5.5881e-09
0.00125	0.06375	-3.57999e-09
0.00375	0.06375	-3.73548e-09
0.00625	0.06375	-3.84785e-09
0.00875	0.06375	-3.90083e-09
0.01125	0.06375	-3.88913e-09
0.01375	0.06375	-3.81718e-09
0.01625	0.06375	-3.69194e-09
0.01875	0.06375	-3.52067e-09
0.02125	0.06375	-3.31025e-09
0.02375	0.06375	-3.06694e-09
0.02625	0.06375	-2.79579e-09
0.02875	0.06375	-2.50114e-09
0.03125	0.06375	-2.18657e-09
0.03375	0.06375	-1.85545e-09
0.03625	0.06375	-1.5105e-09
0.03875	0.06375	-1.15388e-09
0.04125	0.06375	-7.87291e-10
0.04375	0.06375	-4.11984e-10
0.04625	0.06375	-2.88804e-11
0.04875	0.06375	3.61376e-10
0.05125	0.06375	7.58338e-10
0.05375	0.06375	1.16167e-09
0.05625	0.06375	1.57105e-09
0.05875	0.06375	1.98609e-09
0.06125	0.06375	2.40615e-09
0.06375	0.06375	2.83024e-09
0.06625	0.06375	3.25676e-09
0.06875	0.06375	3.68331e-09
0.07125	0.06375	4.10637e-09
0.07375	0.06375	4.52097e-09
0.07625	0.06375	4.92044e-09
0.07875	0.06375	5.29609e-09
0.08125	0.06375	5.6372e-09
0.08375	0.06375	5.93123e-09
0.08625	0.06375	6.16458e-09
0.08875	0.06375	6.32386e-09
0.09125	0.06375	6.39789e-09
0.09375	0.06375	6.38075e-09
0.09625	0.06375	6.27929e-09
0.09875	0.06375	6.11451e-09
0.00125	0.06625	-4.10462e-09
0.00375	0.06625	-4.28727e-09
0.00625	0.06625	-4.41533e-09
0.00875	0.06625	-4.46997e-09
0.01125	0.06625	-4.44693e-09
0.01375	0.06625	-4.35366e-09
0.01625	0.06625	-4.20018e-09
0.01875	0.06625	-3.9963e-09
0.02125	0.06625	-3.75089e-09
0.02375	0.06625	-3.4717e-09
0.02625	0.06625	-3.16469e-09
0.02875	0.06625	-2.83476e-09
0.03125	0.06625	-2.4861e-09
0.03375	0.06625	-2.12231e-09
0.03625	0.06625	-1.74618e-09
0.03875	0.06625	-1.35986e-09
0.04125	0.06625	-9.64866e-10
0.04375	0.06625	-5.62238e-10
0.04625	0.06625	-1.52586e-10
0.04875	0.06625	2.6381e-10
0.05125	0.06625	6.86919e-10
0.05375	0.06625	1.11688e-09
0.05625	0.06625	1.55391e-09
0.05875	0.06625	1.99818e-09
0.06125	0.06625	2.44971e-09
0.06375	0.06625	2.90817e-09
0.06625	0.06625	3.37266e-09
0.06875	0.06625	3.84142e-09
0.07125	0.06625	4.31146e-09
0.07375	0.06625	4.7781e-09
0.07625	0.06625	5.23452e-09
0.07875	0.06625	5.6712e-09
0.08125	0.06625	6.07566e-09
0.08375	0.06625	6.43245e-09
0.08625	0.06625	6.7238e-09
0.08875	0.06625	6.93115e-09
0.09125	0.06625	7.0377e-09
0.09375	0.06625	7.03266e-09
0.09625	0.06625	6.92097e-09
0.09875	0.06625	6.72673e-09
0.00125	0.06875	-4.7086e-09
0.00375	0.06875	-4.92513e-09
0.00625	0.06875	-5.07035e-09
0.00875	0.06875	-5.12308e-09
0.01125	0.06875	-5.08168e-09
0.01375	0.06875	-4.95834e-09
0.01625	0.06875	-4.76742e-09
0.01875	0.06875	-4.52208e-09
0.02125	0.06875	-4.23361e-09
0.02375	0.06875	-3.91136e-09
0.02625	0.06875	-3.56249e-09
0.02875	0.06875	-3.19217e-09
0.03125	0.06875	-2.80527e-09
0.03375	0.06875	-2.40555e-09
0.03625	0.06875	-1.99581e-09
0.03875	0.06875	-1.57803e-09
0.04125	0.06875	-1.15349e-09
0.04375	0.06875	-7.22901e-10
0.04625	0.06875	-2.86486e-10
0.04875	0.06875	1.55918e-10
0.05125	0.06875	6.04781e-10
0.05375	0.06875	1.0608e-09
0.05625	0.06875	1.52482e-09
0.05875	0.06875	1.99772e-09
0.06125	0.06875	2.48031e-09
0.06375	0.06875	2.97314e-09
0.06625	0.06875	3.47627e-09
0.06875	0.06875	3.98895e-09
0.07125	0.06875	4.50915e-09
0.07375	0.06875	5.03301e-09
0.07625	0.06875	5.55407e-09
0.07875	0.06875	6.0625e-09
0.08125	0.06875	6.54429e-09
0.08375	0.06875	6.98086e-09
0.08625	0.06875	7.34937e-09
0.08875	0.06875	7.62422e-09
0.09125	0.06875	7.78029e-09
0.09375	0.06875	7.79865e-09
0.09625	0.06875	7.67955e-09
0.09875	0.06875	7.44944e-09
0.00125	0.07125	-5.4137e-09
0.00375	0.07125	-5.67192e-09
0.00625	0.07125	-5.83405e-09
0.00875	0.07125	-5.87774e-09
0.01125	0.07125	-5.8068e-09
0.01375	0.07125	-5.64074e-09
0.01625	0.07125	-5.39991e-09
0.01875	0.07125	-5.1017e-09
0.02125	0.07125	-4.76023e-09
0.02375	0.07125	-4.38625e-09
0.02625	0.07125	-3.98824e-09
0.02875	0.07125	-3.57181e-09
0.03125	0.07125	-3.14218e-09
0.03375	0.07125	-2.70316e-09
0.03625	0.07125	-2.25738e-09
0.03875	0.07125	-1.80655e-09
0.04125	0.07125	-1.35158e-09
0.04375	0.07125	-8.92727e-10
0.04625	0.07125	-4.29747e-10
0.04875	0.07125	3.80537e-11
0.05125	0.07125	5.1172e-10
0.05375	0.07125	9.92583e-10
0.05625	0.07125	1.48219e-09
0.05875	0.07125	1.98225e-09
0.06125	0.07125	2.49449e-09
0.06375	0.07125	3.02056e-09
0.06625	0.07125	3.56178e-09
0.06875	0.07125	4.11882e-09
0.07125	0.07125	4.69117e-09
0.07375	0.07125	5.2765e-09
0.07625	0.07125	5.86959e-09
0.07875	0.07125	6.4612e-09
0.08125	0.07125	7.03658e-09
0.08375	0.07125	7.57429e-09
0.08625	0.07125	8.04572e-09
0.08875	0.07125	8.41612e-09
0.09125	0.07125	8.64828e-09
0.09375	0.07125	8.71005e-09
0.09625	0.07125	8.59176e-09
0.09875	0.07125	8.31982e-09
0.00125	0.07375	-6.25282e-09
0.00375	0.07375	-6.5606e-09
0.00625	0.07375	-6.73523e-09
0.00875	0.07375	-6.75646e-09
0.01125	0.07375	-6.63836e-09
0.01375	0.07375	-6.41138e-09
0.01625	0.07375	-6.10375e-09
0.01875	0.07375	-5.73797e-09
0.02125	0.07375	-5.33113e-09
0.02375	0.07375	-4.89542e-09
0.02625	0.07375	-4.43986e-09
0.02875	0.07375	-3.9709e-09
0.03125	0.07375	-3.49375e-09
0.03375	0.07375	-3.01199e-09
0.03625	0.07375	-2.5279e-09
0.03875	0.07375	-2.04267e-09
0.04125	0.07375	-1.5567e-09
0.04375	0.07375	-1.06968e-09
0.04625	0.07375	-5.80774e-10
0.04875	0.07375	-8.86877e-11
0.05125	0.07375	4.0826e-10
0.05375	0.07375	9.12087e-10
0.05625	0.07375	1.42511e-09
0.05875	0.07375	1.94992e-09
0.06125	0.07375	2.4893e-09
0.06375	0.07375	3.04618e-09
0.06625	0.07375	3.6234e-09
0.06875	0.07375	4.22349e-09
0.07125	0.07375	4.84815e-09
0.07375	0.07375	5.49745e-09
0.07625	0.07375	6.16871e-09
0.07875	0.07375	6.85474e-09
0.08125	0.07375	7.54168e-09
0.08375	0.07375	8.20644e-09
0.08625	0.07375	8.8147e-09
0.08875	0.07375	9.32062e-09
0.09125	0.07375	9.67006e-09
0.09375	0.07375	9.80992e-09
0.09625	0.07375	9.71145e-09
0.09875	0.07375	9.39514e-09
0.00125	0.07625	-7.277e-09
0.00375	0.07625	-7.63933e-09
0.00625	0.07625	-7.81328e-09
0.00875	0.07625	-7.78784e-09
0.01125	0.07625	-7.59517e-09
0.01375	0.07625	-7.28126e-09
0.01625	0.07625	-6.88427e-09
0.01875	0.07625	-6.4323e-09
0.02125	0.07625	-5.94484e-09
0.02375	0.07625	-5.4356e-09
0.02625	0.07625	-4.91321e-09
0.02875	0.07625	-4.38484e-09
0.03125	0.07625	-3.8553e-09
0.03375	0.07625	-3.32755e-09
0.03625	0.07625	-2.80313e-09
0.03875	0.07625	-2.28253e-09
0.04125	0.07625	-1.76539e-09
0.04375	0.07625	-1.25072e-09
0.04625	0.07625	-7.36971e-10
0.04875	0.07625	-2.22187e-10
0.05125	0.07625	2.95999e-10
0.05375	0.07625	8.20319e-10
0.05625	0.07625	1.35388e-09
0.05875	0.07625	1.90018e-09
0.06125	0.07625	2.46311e-09
0.06375	0.07625	3.04698e-09
0.06625	0.07625	3.65641e-09
0.06875	0.07625	4.29621e-09
0.07125	0.07625	4.9709e-09
0.07375	0.07625	5.68408e-09
0.07625	0.07625	6.43715e-09
0.07875	0.07625	7.22725e-09
0.08125	0.07625	8.04412e-09
0.08375	0.07625	8.8658e-09
0.08625	0.07625	9.65405e-09
0.08875	0.07625	1.03511e-08
0.09125	0.07625	1.08805e-08
0.09375	0.07625	1.11573e-08
0.09625	0.07625	1.1118e-08
0.09875	0.07625	1.07649e-08
0.00125	0.07875	-8.56674e-09
0.00375	0.07875	-8.97906e-09
0.00625	0.07875	-9.12178e-09
0.00875	0.07875	-9.00748e-09
0.01125	0.07875	-8.69813e-09
0.01375	0.07875	-8.26063e-09
0.01625	0.07875	-7.74449e-09
0.01875	0.07875	-7.18317e-09
0.02125	0.07875	-6.59711e-09
0.02375	0.07875	-6.0003e-09
0.02625	0.07875	-5.40131e-09
0.02875	0.07875	-4.80668e-09
0.03125	0.07875	-4.22018e-09
0.03375	0.07875	-3.6436e-09
0.03625	0.07875	-3.07736e-09
0.03875	0.07875	-2.52091e-09
0.04125	0.07875	-1.97294e-09
0.04375	0.07875	-1.43158e-09
0.04625	0.07875	-8.94505e-10
0.04875	0.07875	-3.59013e-10
0.05125	0.07875	1.77966e-10
0.05375	0.07875	7.19878e-10
0.05625	0.07875	1.27059e-09
0.05875	0.07875	1.83448e-09
0.06125	0.07875	2.41652e-09
0.06375	0.07875	3.02244e-09
0.06625	0.07875	3.65876e-09
0.06875	0.07875	4.33283e-09
0.07125	0.07875	5.05262e-09
0.07375	0.07875	5.82628e-09
0.07625	0.07875	6.66114e-09
0.07875	0.07875	7.56153e-09
0.08125	0.07875	8.52491e-09
0.08375	0.07875	9.53556e-09
0.08625	0.07875	1.05561e-08
0.08875	0.07875	1.15189e-08
0.09125	0.07875	1.23212e-08
0.09375	0.07875	1.28321e-08
0.09625	0.07875	1.29281e-08
0.09875	0.07875	1.25694e-08
0.00125	0.08125	-1.02499e-08
0.00375	0.08125	-1.06838e-08
0.00625	0.08125	-1.07322e-08
0.00875	0.08125	-1.04574e-08
0.01125	0.08125	-9.96774e-09
0.01375	0.08125	-9.35577e-09
0.01625	0.08125	-8.68186e-09
0.01875	0.08125	-7.98261e-09
0.02125	0.08125	-7.2777e-09
0.02375	0.08125	-6.57859e-09
0.02625	0.08125	-5.89333e-09
0.02875	0.08125	-5.2263e-09
0.03125	0.08125	-4.57917e-09
0.03375	0.08125	-3.95186e-09
0.03625	0.08125	-3.34314e-09
0.03875	0.08125	-2.75109e-09
0.04125	0.08125	-2.17323e-09
0.04375	0.08125	-1.60665e-09
0.04625	0.08125	-1.04815e-09
0.04875	0.08125	-4.94245e-10
0.05125	0.08125	5.88562e-11
0.05375	0.08125	6.15276e-10
0.05625	0.08125	1.17958e-09
0.05875	0.08125	1.75693e-09
0.06125	0.08125	2.3533e-09
0.06375	0.08125	2.97572e-09
0.06625	0.08125	3.63262e-09
0.06875	0.08125	4.33403e-09
0.07125	0.08125	5.09168e-09
0.07375	0.08125	5.91916e-09
0.07625	0.08125	6.83141e-09
0.07875	0.08125	7.84319e-09
0.08125	0.08125	8.96513e-09
0.08375	0.08125	1.01957e-08
0.08625	0.08125	1.15076e-08
0.08875	0.08125	1.28316e-08
0.09125	0.08125	1.40397e-08
0.09375	0.08125	1.49401e-08
0.09625	0.08125	1.53115e-08
0.09875	0.08125	1.50284e-08
0.00125	0.08375	-1.2529e-08
0.00375	0.08375	-1.29035e-08
0.00625	0.08375	-1.2735e-08
0.00875	0.08375	-1.21812e-08
0.01125	0.08375	-1.14175e-08
0.01375	0.08375	-1.05626e-08
0.01625	0.08375	-9.68284e-09
0.01875	0.08375	-8.81261e-09
0.02125	0.08375	-7.96696e-09
0.02375	0.08375	-7.15235e-09
0.02625	0.08375	-6.37307e-09
0.02875	0.08375	-5.62952e-09
0.03125	0.08375	-4.92e-09
0.03375	0.08375	-4.24167e-09
0.03625	0.08375	-3.59112e-09
0.03875	0.08375	-2.96477e-09
0.04125	0.08375	-2.35875e-09
0.04375	0.08375	-1.76901e-09
0.04625	0.08375	-1.19137e-09
0.04875	0.08375	-6.21539e-10
0.05125	0.08375	-5.5037e-11
0.05375	0.08375	5.12895e-10
0.05625	0.08375	1.08744e-09
0.05875	0.08375	1.67443e-09
0.06125	0.08375	2.28063e-09
0.06375	0.08375	2.9142e-09
0.06625	0.08375	3.58537e-09
0.06875	0.08375	4.30686e-09
0.07125	0.08375	5.0941e-09
0.07375	0.08375	5.96648e-09
0.07625	0.08375	6.94787e-09
0.07875	0.08375	8.06636e-09
0.08125	0.08375	9.3518e-09
0.08375	0.08375	1.08275e-08
0.08625	0.08375	1.24917e-08
0.08875	0.08375	1.42909e-08
0.09125	0.08375	1.60856e-08
0.09375	0.08375	1.76153e-08
0.09625	0.08375	1.8509e-08
0.09875	0.08375	1.84814e-08
0.00125	0.08625	-1.57224e-08
0.00375	0.08625	-1.58459e-08
0.00625	0.08625	-1.52329e-08
0.00875	0.08625	-1.42102e-08
0.01125	0.08625	-1.30394e-08
0.01375	0.08625	-1.18552e-08
0.01625	0.08625	-1.07144e-08
0.01875	0.08625	-9.63916e-09
0.02125	0.08625	-8.63379e-09
0.02375	0.08625	-7.69474e-09
0.02625	0.08625	-6.81804e-09
0.02875	0.08625	-5.99766e-09
0.03125	0.08625	-5.22714e-09
0.03375	0.08625	-4.50005e-09
0.03625	0.08625	-3.81025e-09
0.03875	0.08625	-3.15232e-09
0.04125	0.08625	-2.52093e-09
0.04375	0.08625	-1.91078e-09
0.04625	0.08625	-1.31671e-09
0.04875	0.08625	-7.33628e-10
0.05125	0.08625	-1.56389e-10
0.05375	0.08625	4.20337e-10
0.05625	0.08625	1.00227e-09
0.05875	0.08625	1.5958e-09
0.06125	0.08625	2.20833e-09
0.06375	0.08625	2.84878e-09
0.06625	0.08625	3.5291e-09
0.06875	0.08625	4.26455e-09
0.07125	0.08625	5.07387e-09
0.07375	0.08625	5.98217e-09
0.07625	0.08625	7.02265e-09
0.07875	0.08625	8.2385e-09
0.08125	0.08625	9.68426e-09
0.08375	0.08625	1.14203e-08
0.08625	0.08625	1.34913e-08
0.08875	0.08625	1.58895e-08
0.09125	0.08625	1.85015e-08
0.09375	0.08625	2.10143e-08
0.09625	0.08625	2.28499e-08
0.09875	0.08625	2.34447e-08
0.00125	0.08875	-2.03267e-08
0.00375	0.08875	-1.9779e-08
0.00625	0.08875	-1.8314e-08
0.00875	0.08875	-1.65325e-08
0.01125	0.08875	-1.47802e-08
0.01375	0.08875	-1.31711e-08
0.01625	0.08875	-1.17195e-08
0.01875	0.08875	-1.04129e-08
0.02125	0.08875	-9.23646e-09
0.02375	0.08875	-8.17177e-09
0.02625	0.08875	-7.201e-09
0.02875	0.08875	-6.30896e-09
0.03125	0.08875	-5.48315e-09
0.03375	0.08875	-4.7131e-09
0.03625	0.08875	-3.98964e-09
0.03875	0.08875	-3.30495e-09
0.04125	0.08875	-2.65235e-09
0.04375	0.08875	-2.02543e-09
0.04625	0.08875	-1.41809e-09
0.04875	0.08875	-8.24527e-10
0.05125	0.08875	-2.39042e-10
0.05375	0.08875	3.44193e-10
0.05625	0.08875	9.31369e-10
0.05875	0.08875	1.52939e-09
0.06125	0.08875	2.14628e-09
0.06375	0.08875	2.79138e-09
0.06625	0.08875	3.47808e-09
0.06875	0.08875	4.22364e-09
0.07125	0.08875	5.04983e-09
0.07375	0.08875	5.98721e-09
0.07625	0.08875	7.07796e-09
0.07875	0.08875	8.38042e-09
0.08125	0.08875	9.97689e-09
0.08375	0.08875	1.19762e-08
0.08625	0.08875	1.4492e-08
0.08875	0.08875	1.76044e-08
0.09125	0.08875	2.13015e-08
0.09375	0.08875	2.52893e-08
0.09625	0.08875	2.87499e-08
0.09875	0.08875	3.06831e-08
0.00125	0.09125	-2.7106e-08
0.00375	0.09125	-2.49971e-08
0.00625	0.09125	-2.19882e-08
0.00875	0.09125	-1.90387e-08
0.01125	0.09125	-1.65036e-08
0.01375	0.09125	-1.43891e-08
0.01625	0.09125	-1.26088e-08
0.01875	0.09125	-1.10789e-08
0.02125	0.09125	-9.74337e-09
0.02375	0.09125	-8.5637e-09
0.02625	0.09125	-7.5088e-09
0.02875	0.09125	-6.55438e-09
0.03125	0.09125	-5.68175e-09
0.03375	0.09125	-4.87618e-09
0.03625	0.09125	-4.12574e-09
0.03875	0.09125	-3.42042e-09
0.04125	0.09125	-2.7519e-09
0.04375	0.09125	-2.11272e-09
0.04625	0.09125	-1.49603e-09
0.04875	0.09125	-8.95457e-10
0.05125	0.09125	-3.04807e-10
0.05375	0.09125	2.82178e-10
0.05625	0.09125	8.72204e-10
0.05875	0.09125	1.47284e-09
0.06125	0.09125	2.09308e-09
0.06375	0.09125	2.74433e-09
0.06625	0.09125	3.4395e-09
0.06875	0.09125	4.19523e-09
0.07125	0.09125	5.03686e-09
0.07375	0.09125	6.00047e-09
0.07625	0.09125	7.13739e-09
0.07875	0.09125	8.52001e-09
0.08125	0.09125	1.02578e-08
0.08375	0.09125	1.25114e-08
0.08625	0.09125	1.54775e-08
0.08875	0.09125	1.93814e-08
0.09125	0.09125	2.44268e-08
0.09375	0.09125	3.05071e-08
0.09625	0.09125	3.66406e-08
0.09875	0.09125	4.12773e-08
0.00125	0.09375	-3.72408e-08
0.00375	0.09375	-3.16687e-08
0.00625	0.09375	-2.60383e-08
0.00875	0.09375	-2.14937e-08
0.01125	0.09375	-1.80313e-08
0.01375	0.09375	-1.53729e-08
0.01625	0.09375	-1.32719e-08
0.01875	0.09375	-1.15481e-08
0.02125	0.09375	-1.00882e-08
0.02375	0.09375	-8.82418e-09
0.02625	0.09375	-7.70983e-09
0.02875	0.09375	-6.71259e-09
0.03125	0.09375	-5.80859e-09
0.03375	0.09375	-4.97977e-09
0.03625	0.09375	-4.21196e-09
0.03875	0.09375	-3.49365e-09
0.04125	0.09375	-2.81535e-09
0.04375	0.09375	-2.16884e-09
0.04625	0.09375	-1.54675e-09
0.04875	0.09375	-9.4232e-10
0.05125	0.09375	-3.49049e-10
0.05375	0.09375	2.39584e-10
0.05625	0.09375	8.30511e-10
0.05875	0.09375	1.43152e-09
0.06125	0.09375	2.05178e-09
0.06375	0.09375	2.70255e-09
0.06625	0.09375	3.39738e-09
0.06875	0.09375	4.15452e-09
0.07125	0.09375	5.00126e-09
0.07375	0.09375	5.97842e-09
0.07625	0.09375	7.14858e-09
0.07875	0.09375	8.60979e-09
0.08125	0.09375	1.05045e-08
0.08375	0.09375	1.30258e-08
0.08625	0.09375	1.64535e-08
0.08875	0.09375	2.11716e-08
0.09125	0.09375	2.77187e-08
0.09375	0.09375	3.64576e-08
0.09625	0.09375	4.66813e-08
0.09875	0.09375	5.65789e-08
0.00125	0.09625	-5.18691e-08
0.00375	0.09625	-3.94657e-08
0.00625	0.09625	-2.99856e-08
0.00875	0.09625	-2.34613e-08
0.01125	0.09625	-1.90341e-08
0.01375	0.09625	-1.59015e-08
0.01625	0.09625	-1.35603e-08
0.01875	0.09625	-1.17132e-08
0.02125	0.09625	-1.01893e-08
0.02375	0.09625	-8.89031e-09
0.02625	0.09625	-7.75586e-09
0.02875	0.09625	-6.74657e-09
0.03125	0.09625	-5.83514e-09
0.03375	0.09625	-5.00168e-09
0.03625	0.09625	-4.23103e-09
0.03875	0.09625	-3.51113e-09
0.04125	0.09625	-2.83209e-09
0.04375	0.09625	-2.18547e-09
0.04625	0.09625	-1.56379e-09
0.04875	0.09625	-9.60206e-10
0.05125	0.09625	-3.68155e-10
0.05375	0.09625	2.18931e-10
0.05625	0.09625	8.08009e-10
0.05875	0.09625	1.40685e-09
0.06125	0.09625	2.02454e-09
0.06375	0.09625	2.67224e-09
0.06625	0.09625	3.36411e-09
0.06875	0.09625	4.11963e-09
0.07125	0.09625	4.96748e-09
0.07375	0.09625	5.95084e-09
0.07625	0.09625	7.13618e-09
0.07875	0.09625	8.62719e-09
0.08125	0.09625	1.05814e-08
0.08375	0.09625	1.3244e-08
0.08625	0.09625	1.70288e-08
0.08875	0.09625	2.26065e-08
0.09125	0.09625	3.0844e-08
0.09375	0.09625	4.26507e-08
0.09625	0.09625	5.82927e-08
0.09875	0.09625	7.78408e-08
0.00125	0.09875	-7.41352e-08
0.00375	0.09875	-4.73917e-08
0.00625	0.09875	-3.24335e-08
0.00875	0.09875	-2.38862e-08
0.01125	0.09875	-1.87098e-08
0.01375	0.09875	-1.53435e-08
0.01625	0.09875	-1.29796e-08
0.01875	0.09875	-1.1191e-08
0.02125	0.09875	-9.7494e-09
0.02375	0.09875	-8.53112e-09
0.02625	0.09875	-7.46692e-09
0.02875	0.09875	-6.51557e-09
0.03125	0.09875	-5.65078e-09
0.03375	0.09875	-4.85455e-09
0.03625	0.09875	-4.11365e-09
0.03875	0.09875	-3.41774e-09
0.04125	0.09875	-2.7583e-09
0.04375	0.09875	-2.12797e-09
0.04625	0.09875	-1.52014e-09
0.04875	0.09875	-9.28632e-10
0.05125	0.09875	-3.47413e-10
0.05375	0.09875	2.29647e-10
0.05625	0.09875	8.09106e-10
0.05875	0.09875	1.39833e-09
0.06125	0.09875	2.00597e-09
0.06375	0.09875	2.64273e-09
0.06625	0.09875	3.32256e-09
0.06875	0.09875	4.06479e-09
0.07125	0.09875	4.89776e-09
0.07375	0.09875	5.86415e-09
0.07625	0.09875	7.02942e-09
0.07875	0.09875	8.49567e-09
0.08125	0.09875	1.04229e-08
0.08375	0.09875	1.30722e-08
0.08625	0.09875	1.68933e-08
0.08875	0.09875	2.26679e-08
0.09125	0.09875	3.16749e-08
0.09375	0.09875	4.62994e-08
0.09625	0.09875	6.89552e-08
0.09875	0.09875	1.06162e-07
