0.00125	0.00125	-3.45298e-05
0.00375	0.00125	3.82695e-05
0.00625	0.00125	0.000104687
0.00875	0.00125	0.000146385
0.01125	0.00125	0.000167826
0.01375	0.00125	0.000175865
0.01625	0.00125	0.000175889
0.01875	0.00125	0.000171321
0.02125	0.00125	0.000164061
0.02375	0.00125	0.000155059
0.02625	0.00125	0.000144762
0.02875	0.00125	0.000133372
0.03125	0.00125	0.000120998
0.03375	0.00125	0.000107716
0.03625	0.00125	9.3603e-05
0.03875	0.00125	7.87421e-05
0.04125	0.00125	6.32255e-05
0.04375	0.00125	4.71534e-05
0.04625	0.00125	3.06329e-05
0.04875	0.00125	1.37764e-05
0.05125	0.00125	-3.29854e-06
0.05375	0.00125	-2.047e-05
0.05625	0.00125	-3.76121e-05
0.05875	0.00125	-5.45953e-05
0.06125	0.00125	-7.12876e-05
0.06375	0.00125	-8.75558e-05
0.06625	0.00125	-0.000103267
0.06875	0.00125	-0.00011829
0.07125	0.00125	-0.000132495
0.07375	0.00125	-0.00014574
0.07625	0.00125	-0.000157849
0.07875	0.00125	-0.000168536
0.08125	0.00125	-0.00017727
0.08375	0.00125	-0.000183003
0.08625	0.00125	-0.000183743
0.08875	0.00125	-0.000175979
0.09125	0.00125	-0.000154223
0.09375	0.00125	-0.000111532
0.09625	0.00125	-4.32636e-05
0.09875	0.00125	3.26281e-05
0.00125	0.00375	-2.50591e-05
0.00375	0.00375	0.000254909
0.00625	0.00375	0.000504113
0.00875	0.00375	0.000666041
0.01125	0.00375	0.000753588
0.01375	0.00375	0.000788847
0.01625	0.00375	0.000790741
0.01875	0.00375	0.00077213
0.02125	0.00375	0.000740687
0.02375	0.00375	0.000700604
0.02625	0.00375	0.000654058
0.02875	0.00375	0.000602186
0.03125	0.00375	0.000545653
0.03375	0.00375	0.000484938
0.03625	0.00375	0.000420472
0.03875	0.00375	0.000352685
0.04125	0.00375	0.000282032
0.04375	0.00375	0.000208987
0.04625	0.00375	0.000134047
0.04875	0.00375	5.77291e-05
0.05125	0.00375	-1.94352e-05
0.05375	0.00375	-9.68968e-05
0.05625	0.00375	-0.000174092
0.05875	0.00375	-0.000250445
0.06125	0.00375	-0.000325368
0.06375	0.00375	-0.000398266
0.06625	0.00375	-0.000468539
0.06875	0.00375	-0.000535581
0.07125	0.00375	-0.000598762
0.07375	0.00375	-0.00065737
0.07625	0.00375	-0.00071048
0.07875	0.00375	-0.00075666
0.08125	0.00375	-0.000793414
0.08375	0.00375	-0.00081622
0.08625	0.00375	-0.000817094
0.08875	0.00375	-0.000782914
0.09125	0.00375	-0.000694533
0.09375	0.00375	-0.000529483
0.09625	0.00375	-0.000274264
0.09875	0.00375	1.63058e-05
0.00125	0.00625	0.000174021
0.00375	0.00625	0.000787779
0.00625	0.00625	0.0012968
0.00875	0.00625	0.00163459
0.01125	0.00625	0.00182281
0.01375	0.00625	0.00190124
0.01625	0.00625	0.00190579
0.01875	0.00625	0.00186242
0.02125	0.00625	0.00178756
0.02375	0.00625	0.00169082
0.02625	0.00625	0.00157758
0.02875	0.00625	0.00145092
0.03125	0.00625	0.00131276
0.03375	0.00625	0.0011645
0.03625	0.00625	0.00100734
0.03875	0.00625	0.000842421
0.04125	0.00625	0.000670907
0.04375	0.00625	0.000493972
0.04625	0.00625	0.000312825
0.04875	0.00625	0.000128701
0.05125	0.00625	-5.71365e-05
0.05375	0.00625	-0.000243395
0.05625	0.00625	-0.000428755
0.05875	0.00625	-0.000611868
0.06125	0.00625	-0.00079136
0.06375	0.00625	-0.000965831
0.06625	0.00625	-0.00113386
0.06875	0.00625	-0.00129396
0.07125	0.00625	-0.00144456
0.07375	0.00625	-0.00158381
0.07625	0.00625	-0.00170932
0.07875	0.00625	-0.00181745
0.08125	0.00625	-0.00190221
0.08375	0.00625	-0.0019534
0.08625	0.00625	-0.00195404
0.08875	0.00625	-0.00187779
0.09125	0.00625	-0.00168833
0.09375	0.00625	-0.00134548
0.09625	0.00625	-0.000826233
0.09875	0.00625	-0.000193188
0.00125	0.00875	0.000492147
0.00375	0.00875	0.0015212
0.00625	0.00875	0.00232357
0.00875	0.00875	0.00285376
0.01125	0.00875	0.00315038
0.01375	0.00875	0.0032735
0.01625	0.00875	0.00327736
0.01875	0.00875	0.00320168
0.02125	0.00875	0.00307236
0.02375	0.00875	0.00290504
0.02625	0.00875	0.0027089
0.02875	0.00875	0.00248939
0.03125	0.00875	0.00225004
0.03375	0.00875	0.00199346
0.03625	0.00875	0.00172187
0.03875	0.00875	0.00143733
0.04125	0.00875	0.00114188
0.04375	0.00875	0.000837541
0.04625	0.00875	0.000526387
0.04875	0.00875	0.000210503
0.05125	0.00875	-0.000107988
0.05375	0.00875	-0.000426926
0.05625	0.00875	-0.000744106
0.05875	0.00875	-0.00105728
0.06125	0.00875	-0.00136415
0.06375	0.00875	-0.00166237
0.06625	0.00875	-0.00194951
0.06875	0.00875	-0.00222304
0.07125	0.00875	-0.00248019
0.07375	0.00875	-0.00271773
0.07625	0.00875	-0.0029314
0.07875	0.00875	-0.00311495
0.08125	0.00875	-0.00325836
0.08375	0.00875	-0.00334513
0.08625	0.00875	-0.00334869
0.08875	0.00875	-0.00322876
0.09125	0.00875	-0.00293081
0.09375	0.00875	-0.0023942
0.09625	0.00875	-0.00157812
0.09875	0.00875	-0.000521571
0.00125	0.01125	0.000887662
0.00375	0.01125	0.00239814
0.00625	0.01125	0.00352158
0.00875	0.01125	0.00425479
0.01125	0.01125	0.00466226
0.01375	0.01125	0.00482779
0.01625	0.01125	0.00482598
0.01875	0.01125	0.00471094
0.02125	0.01125	0.00451834
0.02375	0.01125	0.00427011
0.02625	0.01125	0.00397943
0.02875	0.01125	0.00365436
0.03125	0.01125	0.00330026
0.03375	0.01125	0.00292113
0.03625	0.01125	0.00252035
0.03875	0.01125	0.00210105
0.04125	0.01125	0.00166622
0.04375	0.01125	0.00121887
0.04625	0.01125	0.000761987
0.04875	0.01125	0.000298572
0.05125	0.01125	-0.000168328
0.05375	0.01125	-0.000635624
0.05625	0.01125	-0.00110017
0.05875	0.01125	-0.00155876
0.06125	0.01125	-0.0020081
0.06375	0.01125	-0.00244479
0.06625	0.01125	-0.00286533
0.06875	0.01125	-0.003266
0.07125	0.01125	-0.00364273
0.07375	0.01125	-0.00399068
0.07625	0.01125	-0.00430359
0.07875	0.01125	-0.00457235
0.08125	0.01125	-0.00478271
0.08375	0.01125	-0.00491169
0.08625	0.01125	-0.00492276
0.08875	0.01125	-0.00476118
0.09125	0.01125	-0.00435262
0.09375	0.01125	-0.00361196
0.09625	0.01125	-0.00247176
0.09875	0.01125	-0.000926157
0.00125	0.01375	0.00132911
0.00375	0.01375	0.0033713
0.00625	0.01375	0.00484009
0.00875	0.01375	0.00578577
0.01125	0.01375	0.00630545
0.01375	0.01375	0.00651127
0.01625	0.01375	0.00649866
0.01875	0.01375	0.00633806
0.02125	0.01375	0.00607509
0.02375	0.01375	0.00573811
0.02625	0.01375	0.00534439
0.02875	0.01375	0.00490473
0.03125	0.01375	0.0044264
0.03375	0.01375	0.00391491
0.03625	0.01375	0.0033749
0.03875	0.01375	0.00281061
0.04125	0.01375	0.0022261
0.04375	0.01375	0.00162536
0.04625	0.01375	0.00101234
0.04875	0.01375	0.00039099
0.05125	0.01375	-0.000234706
0.05375	0.01375	-0.000860719
0.05625	0.01375	-0.00148295
0.05875	0.01375	-0.00209719
0.06125	0.01375	-0.00269914
0.06375	0.01375	-0.00328432
0.06625	0.01375	-0.00384807
0.06875	0.01375	-0.00438544
0.07125	0.01375	-0.00489092
0.07375	0.01375	-0.00535805
0.07625	0.01375	-0.00577839
0.07875	0.01375	-0.00613991
0.08125	0.01375	-0.00642402
0.08375	0.01375	-0.00660107
0.08625	0.01375	-0.00662431
0.08875	0.01375	-0.00642366
0.09125	0.01375	-0.00590304
0.09375	0.01375	-0.00494892
0.09625	0.01375	-0.00346043
0.09875	0.01375	-0.00137572
0.00125	0.01625	0.00179983
0.00375	0.01625	0.00441334
0.00625	0.01625	0.00624978
0.00875	0.01625	0.00741807
0.01125	0.01625	0.00805244
0.01375	0.01625	0.0082966
0.01625	0.01625	0.00826982
0.01875	0.01625	0.0080582
0.02125	0.01625	0.00771876
0.02375	0.01625	0.00728644
0.02625	0.01625	0.00678271
0.02875	0.01625	0.00622117
0.03125	0.01625	0.00561111
0.03375	0.01625	0.00495959
0.03625	0.01625	0.00427259
0.03875	0.01625	0.00355551
0.04125	0.01625	0.0028135
0.04375	0.01625	0.00205156
0.04625	0.01625	0.0012746
0.04875	0.01625	0.000487524
0.05125	0.01625	-0.000304761
0.05375	0.01625	-0.0010973
0.05625	0.01625	-0.00188503
0.05875	0.01625	-0.00266278
0.06125	0.01625	-0.00342521
0.06375	0.01625	-0.00416674
0.06625	0.01625	-0.00488154
0.06875	0.01625	-0.00556334
0.07125	0.01625	-0.00620519
0.07375	0.01625	-0.00679884
0.07625	0.01625	-0.00733367
0.07875	0.01625	-0.0077946
0.08125	0.01625	-0.00815855
0.08375	0.01625	-0.00838899
0.08625	0.01625	-0.00842843
0.08875	0.01625	-0.00819042
0.09125	0.01625	-0.00755515
0.09375	0.01625	-0.00637728
0.09625	0.01625	-0.00451797
0.09875	0.01625	-0.00185433
0.00125	0.01875	0.00229308
0.00375	0.01875	0.00551205
0.00625	0.01875	0.00773768
0.00875	0.01875	0.00913978
0.01125	0.01875	0.00989274
0.01375	0.01875	0.0101746
0.01625	0.01875	0.0101305
0.01875	0.01875	0.00986335
0.02125	0.01875	0.00944176
0.02375	0.01875	0.00890789
0.02625	0.01875	0.0082876
0.02875	0.01875	0.00759741
0.03125	0.01875	0.00684871
0.03375	0.01875	0.00605021
0.03625	0.01875	0.00520925
0.03875	0.01875	0.00433244
0.04125	0.01875	0.00342603
0.04375	0.01875	0.00249603
0.04625	0.01875	0.00154832
0.04875	0.01875	0.000588717
0.05125	0.01875	-0.00037698
0.05375	0.01875	-0.00134291
0.05625	0.01875	-0.0023031
0.05875	0.01875	-0.00325141
0.06125	0.01875	-0.00418147
0.06375	0.01875	-0.00508662
0.06625	0.01875	-0.00595979
0.06875	0.01875	-0.00679339
0.07125	0.01875	-0.00757892
0.07375	0.01875	-0.00830631
0.07625	0.01875	-0.0089626
0.07875	0.01875	-0.00952954
0.08125	0.01875	-0.00997935
0.08375	0.01875	-0.0102682
0.08625	0.01875	-0.0103273
0.08875	0.01875	-0.0100526
0.09125	0.01875	-0.0092987
0.09375	0.01875	-0.00788562
0.09625	0.01875	-0.00563353
0.09875	0.01875	-0.00235605
0.00125	0.02125	0.00280805
0.00375	0.02125	0.0066654
0.00625	0.02125	0.00930212
0.00875	0.02125	0.0109504
0.01125	0.02125	0.011827
0.01375	0.02125	0.0121468
0.01625	0.02125	0.0120824
0.01875	0.02125	0.0117558
0.02125	0.02125	0.0112461
0.02375	0.02125	0.0106042
0.02625	0.02125	0.00986053
0.02875	0.02125	0.00903464
0.03125	0.02125	0.00814017
0.03375	0.02125	0.00718754
0.03625	0.02125	0.00618554
0.03875	0.02125	0.00514201
0.04125	0.02125	0.00406432
0.04375	0.02125	0.00295948
0.04625	0.02125	0.00183429
0.04875	0.02125	0.000695438
0.05125	0.02125	-0.000450416
0.05375	0.02125	-0.00159657
0.05625	0.02125	-0.00273618
0.05875	0.02125	-0.00386218
0.06125	0.02125	-0.0049672
0.06375	0.02125	-0.00604347
0.06625	0.02125	-0.00708272
0.06875	0.02125	-0.00807593
0.07125	0.02125	-0.00901301
0.07375	0.02125	-0.00988194
0.07625	0.02125	-0.0106673
0.07875	0.02125	-0.0113474
0.08125	0.02125	-0.0118895
0.08375	0.02125	-0.012242
0.08625	0.02125	-0.0123239
0.08875	0.02125	-0.0120125
0.09125	0.02125	-0.0111347
0.09375	0.02125	-0.00947372
0.09625	0.02125	-0.00680632
0.09875	0.02125	-0.0028808
0.00125	0.02375	0.00334716
0.00375	0.02375	0.00787764
0.00625	0.02375	0.0109488
0.00875	0.02375	0.0128569
0.01125	0.02375	0.0138632
0.01375	0.02375	0.0142216
0.01625	0.02375	0.014134
0.01875	0.02375	0.0137426
0.02125	0.02375	0.0131393
0.02375	0.02375	0.0123823
0.02625	0.02375	0.0115075
0.02875	0.02375	0.0105381
0.03125	0.02375	0.00948997
0.03375	0.02375	0.00837538
0.03625	0.02375	0.00720464
0.03875	0.02375	0.00598687
0.04125	0.02375	0.00473054
0.04375	0.02375	0.00344364
0.04625	0.02375	0.00213386
0.04875	0.02375	0.000808694
0.05125	0.02375	-0.000524431
0.05375	0.02375	-0.00185804
0.05625	0.02375	-0.00318448
0.05875	0.02375	-0.00449584
0.06125	0.02375	-0.00578377
0.06375	0.02375	-0.00703943
0.06625	0.02375	-0.00825329
0.06875	0.02375	-0.00941489
0.07125	0.02375	-0.0105124
0.07375	0.02375	-0.0115318
0.07625	0.02375	-0.0124548
0.07875	0.02375	-0.0132563
0.08125	0.02375	-0.0138979
0.08375	0.02375	-0.0143197
0.08625	0.02375	-0.0144278
0.08875	0.02375	-0.0140791
0.09125	0.02375	-0.0130714
0.09375	0.02375	-0.0111486
0.09625	0.02375	-0.00804175
0.09875	0.02375	-0.00343166
0.00125	0.02625	0.00391456
0.00375	0.02625	0.00915681
0.00625	0.02625	0.0126882
0.00875	0.02625	0.014871
0.01125	0.02625	0.0160138
0.01375	0.02625	0.0164115
0.01625	0.02625	0.0162977
0.01875	0.02625	0.0158359
0.02125	0.02625	0.0151321
0.02375	0.02625	0.0142516
0.02625	0.02625	0.0132371
0.02875	0.02625	0.0121152
0.03125	0.02625	0.0109044
0.03375	0.02625	0.00961896
0.03625	0.02625	0.00827087
0.03875	0.02625	0.00687053
0.04125	0.02625	0.0054275
0.04375	0.02625	0.00395071
0.04625	0.02625	0.00244866
0.04875	0.02625	0.000929557
0.05125	0.02625	-0.000598501
0.05375	0.02625	-0.00212737
0.05625	0.02625	-0.00364872
0.05875	0.02625	-0.00515384
0.06125	0.02625	-0.0066335
0.06375	0.02625	-0.00807779
0.06625	0.02625	-0.00947592
0.06875	0.02625	-0.0108159
0.07125	0.02625	-0.0120842
0.07375	0.02625	-0.0132643
0.07625	0.02625	-0.0143352
0.07875	0.02625	-0.0152674
0.08125	0.02625	-0.016017
0.08375	0.02625	-0.0165148
0.08625	0.02625	-0.0166528
0.08875	0.02625	-0.0162664
0.09125	0.02625	-0.015122
0.09375	0.02625	-0.0129219
0.09625	0.02625	-0.00934895
0.09875	0.02625	-0.00401339
0.00125	0.02875	0.00451537
0.00375	0.02875	0.0105134
0.00625	0.02875	0.0145337
0.00875	0.02875	0.0170082
0.01125	0.02875	0.0182946
0.01375	0.02875	0.0187324
0.01625	0.02875	0.0185884
0.01875	0.02875	0.0180494
0.02125	0.02875	0.0172362
0.02375	0.02875	0.0162235
0.02625	0.02875	0.015059
0.02875	0.02875	0.0137741
0.03125	0.02875	0.0123903
0.03375	0.02875	0.010924
0.03625	0.02875	0.00938891
0.03875	0.02875	0.00779675
0.04125	0.02875	0.00615817
0.04375	0.02875	0.00448298
0.04625	0.02875	0.00278037
0.04875	0.02875	0.00105914
0.05125	0.02875	-0.000672073
0.05375	0.02875	-0.00240463
0.05625	0.02875	-0.00412964
0.05875	0.02875	-0.00583772
0.06125	0.02875	-0.00751886
0.06375	0.02875	-0.00916213
0.06625	0.02875	-0.0107555
0.06875	0.02875	-0.0122854
0.07125	0.02875	-0.0137362
0.07375	0.02875	-0.0150891
0.07625	0.02875	-0.0163197
0.07875	0.02875	-0.0173942
0.08125	0.02875	-0.0182617
0.08375	0.02875	-0.0188435
0.08625	0.02875	-0.0190159
0.08875	0.02875	-0.0185916
0.09125	0.02875	-0.0173031
0.09375	0.02875	-0.0148086
0.09625	0.02875	-0.0107395
0.09875	0.02875	-0.00463175
0.00125	0.03125	0.00515537
0.00375	0.03125	0.0119596
0.00625	0.03125	0.0165014
0.00875	0.03125	0.0192861
0.01125	0.03125	0.0207242
0.01375	0.03125	0.0212022
0.01625	0.03125	0.0210232
0.01875	0.03125	0.0203988
0.02125	0.03125	0.0194659
0.02375	0.03125	0.0183099
0.02625	0.03125	0.0169834
0.02875	0.03125	0.0155235
0.03125	0.03125	0.0139548
0.03375	0.03125	0.0122963
0.03625	0.03125	0.0105633
0.03875	0.03125	0.00876913
0.04125	0.03125	0.00692537
0.04375	0.03125	0.00504262
0.04625	0.03125	0.00313063
0.04875	0.03125	0.00119862
0.05125	0.03125	-0.000744456
0.05375	0.03125	-0.00268964
0.05625	0.03125	-0.00462766
0.05875	0.03125	-0.00654869
0.06125	0.03125	-0.00844201
0.06375	0.03125	-0.0102958
0.06625	0.03125	-0.0120967
0.06875	0.03125	-0.0138297
0.07125	0.03125	-0.0154768
0.07375	0.03125	-0.0170166
0.07625	0.03125	-0.018421
0.07875	0.03125	-0.019651
0.08125	0.03125	-0.0206486
0.08375	0.03125	-0.0213239
0.08625	0.03125	-0.0215369
0.08875	0.03125	-0.0210747
0.09125	0.03125	-0.0196344
0.09375	0.03125	-0.0168261
0.09625	0.03125	-0.012227
0.09875	0.03125	-0.00529321
0.00125	0.03375	0.00584099
0.00375	0.03375	0.0135092
0.00625	0.03375	0.0186097
0.00875	0.03375	0.0217254
0.01125	0.03375	0.0233235
0.01375	0.03375	0.0238413
0.01625	0.03375	0.0236208
0.01875	0.03375	0.0229008
0.02125	0.03375	0.021836
0.02375	0.03375	0.0205231
0.02625	0.03375	0.0190208
0.02875	0.03375	0.0173718
0.03125	0.03375	0.0156047
0.03375	0.03375	0.0137411
0.03625	0.03375	0.0117982
0.03875	0.03375	0.00979084
0.04125	0.03375	0.00773156
0.04375	0.03375	0.00563157
0.04625	0.03375	0.00350099
0.04875	0.03375	0.00134921
0.05125	0.03375	-0.000814732
0.05375	0.03375	-0.00298184
0.05625	0.03375	-0.00514273
0.05875	0.03375	-0.00728731
0.06125	0.03375	-0.0094044
0.06375	0.03375	-0.0114814
0.06625	0.03375	-0.0135037
0.06875	0.03375	-0.0154546
0.07125	0.03375	-0.017314
0.07375	0.03375	-0.0190571
0.07625	0.03375	-0.0206518
0.07875	0.03375	-0.0220534
0.08125	0.03375	-0.0231957
0.08375	0.03375	-0.0239765
0.08625	0.03375	-0.0242375
0.08875	0.03375	-0.0237387
0.09125	0.03375	-0.022138
0.09375	0.03375	-0.0189946
0.09625	0.03375	-0.0138268
0.09875	0.03375	-0.00600501
0.00125	0.03625	0.00657936
0.00375	0.03625	0.0151781
0.00625	0.03625	0.0208791
0.00875	0.03625	0.024349
0.01125	0.03625	0.0261159
0.01375	0.03625	0.0266719
0.01625	0.03625	0.0264017
0.01875	0.03625	0.0255736
0.02125	0.03625	0.0243618
0.02375	0.03625	0.0228755
0.02625	0.03625	0.0211814
0.02875	0.03625	0.0193271
0.03125	0.03625	0.017346
0.03375	0.03625	0.0152628
0.03625	0.03625	0.0130969
0.03875	0.03625	0.0108643
0.04125	0.03625	0.00857858
0.04375	0.03625	0.00625133
0.04625	0.03625	0.00389279
0.04875	0.03625	0.0015122
0.05125	0.03625	-0.000881668
0.05375	0.03625	-0.0032801
0.05625	0.03625	-0.00567396
0.05875	0.03625	-0.0080532
0.06125	0.03625	-0.0104064
0.06375	0.03625	-0.0127204
0.06625	0.03625	-0.0149795
0.06875	0.03625	-0.0171653
0.07125	0.03625	-0.0192551
0.07375	0.03625	-0.0212208
0.07625	0.03625	-0.0230255
0.07875	0.03625	-0.0246179
0.08125	0.03625	-0.0259225
0.08375	0.03625	-0.0268236
0.08625	0.03625	-0.0271424
0.08875	0.03625	-0.0266091
0.09125	0.03625	-0.0248394
0.09375	0.03625	-0.021337
0.09625	0.03625	-0.0155565
0.09875	0.03625	-0.00677532
0.00125	0.03875	0.00737856
0.00375	0.03875	0.0169839
0.00625	0.03875	0.0233331
0.00875	0.03875	0.027183
0.01125	0.03875	0.0291276
0.01375	0.03875	0.029719
0.01625	0.03875	0.0293883
0.01875	0.03875	0.0284364
0.02125	0.03875	0.0270593
0.02375	0.03875	0.0253802
0.02625	0.03875	0.023475
0.02875	0.03875	0.0213964
0.03125	0.03875	0.0191838
0.03375	0.03875	0.0168649
0.03625	0.03875	0.0144614
0.03875	0.03875	0.0119909
0.04125	0.03875	0.00946745
0.04375	0.03875	0.00690286
0.04625	0.03875	0.00430711
0.04875	0.03875	0.00168892
0.05125	0.03875	-0.000943633
0.05375	0.03875	-0.00358259
0.05625	0.03875	-0.00621947
0.05875	0.03875	-0.00884469
0.06125	0.03875	-0.011447
0.06375	0.03875	-0.0140128
0.06625	0.03875	-0.0165257
0.06875	0.03875	-0.0189652
0.07125	0.03875	-0.0213063
0.07375	0.03875	-0.0235171
0.07625	0.03875	-0.0255551
0.07875	0.03875	-0.0273615
0.08125	0.03875	-0.0288502
0.08375	0.03875	-0.0298899
0.08625	0.03875	-0.0302791
0.08875	0.03875	-0.0297153
0.09125	0.03875	-0.0277676
0.09375	0.03875	-0.0238794
0.09625	0.03875	-0.0174361
0.09875	0.03875	-0.00761344
0.00125	0.04125	0.00824781
0.00375	0.04125	0.018947
0.00625	0.04125	0.0259988
0.00875	0.04125	0.0302573
0.01125	0.04125	0.0323885
0.01375	0.04125	0.0330102
0.01625	0.04125	0.0326048
0.01875	0.04125	0.0315095
0.02125	0.04125	0.0299447
0.02375	0.04125	0.0280494
0.02625	0.04125	0.0259102
0.02875	0.04125	0.0235856
0.03125	0.04125	0.0211213
0.03375	0.04125	0.0185489
0.03625	0.04125	0.0158924
0.03875	0.04125	0.0131706
0.04125	0.04125	0.010398
0.04375	0.04125	0.00758629
0.04625	0.04125	0.00474464
0.04875	0.04125	0.00188077
0.05125	0.04125	-0.000998503
0.05375	0.04125	-0.00388652
0.05625	0.04125	-0.00677602
0.05875	0.04125	-0.00965842
0.06125	0.04125	-0.0125231
0.06375	0.04125	-0.0153565
0.06625	0.04125	-0.0181414
0.06875	0.04125	-0.020856
0.07125	0.04125	-0.0234724
0.07375	0.04125	-0.0259543
0.07625	0.04125	-0.0282533
0.07875	0.04125	-0.0303017
0.08125	0.04125	-0.032001
0.08375	0.04125	-0.0332023
0.08625	0.04125	-0.0336786
0.08875	0.04125	-0.0330904
0.09125	0.04125	-0.030956
0.09375	0.04125	-0.0266523
0.09625	0.04125	-0.0194889
0.09875	0.04125	-0.00853015
0.00125	0.04375	0.00919783
0.00375	0.04375	0.0210914
0.00625	0.04375	0.0289076
0.00875	0.04375	0.0336063
0.01125	0.04375	0.0359323
0.01375	0.04375	0.0365763
0.01625	0.04375	0.0360776
0.01875	0.04375	0.0348143
0.02125	0.04375	0.0330343
0.02375	0.04375	0.0308947
0.02625	0.04375	0.0284944
0.02875	0.04375	0.0258983
0.03125	0.04375	0.0231597
0.03375	0.04375	0.0203142
0.03625	0.04375	0.0173882
0.03875	0.04375	0.0144015
0.04125	0.04375	0.0113687
0.04375	0.04375	0.00830075
0.04625	0.04375	0.00520558
0.04875	0.04375	0.00208918
0.05125	0.04375	-0.00104355
0.05375	0.04375	-0.00418795
0.05625	0.04375	-0.00733868
0.05875	0.04375	-0.0104888
0.06125	0.04375	-0.013629
0.06375	0.04375	-0.0167463
0.06625	0.04375	-0.0198232
0.06875	0.04375	-0.0228365
0.07125	0.04375	-0.0257554
0.07375	0.04375	-0.028539
0.07625	0.04375	-0.0311317
0.07875	0.04375	-0.033456
0.08125	0.04375	-0.0353989
0.08375	0.04375	-0.0367908
0.08625	0.04375	-0.0373758
0.08875	0.04375	-0.0367729
0.09125	0.04375	-0.0344436
0.09375	0.04375	-0.0296915
0.09625	0.04375	-0.0217427
0.09875	0.04375	-0.00953823
0.00125	0.04625	0.0102413
0.00375	0.04625	0.0234452
0.00625	0.04625	0.0320963
0.00875	0.04625	0.0372698
0.01125	0.04625	0.0397979
0.01375	0.04625	0.040452
0.01625	0.04625	0.0398356
0.01875	0.04625	0.038373
0.02125	0.04625	0.0363437
0.02375	0.04625	0.0339258
0.02625	0.04625	0.0312321
0.02875	0.04625	0.0283354
0.03125	0.04625	0.025297
0.03375	0.04625	0.022157
0.03625	0.04625	0.0189443
0.03875	0.04625	0.0156792
0.04125	0.04625	0.0123759
0.04375	0.04625	0.00904404
0.04625	0.04625	0.00568943
0.04875	0.04625	0.0023156
0.05125	0.04625	-0.00107532
0.05375	0.04625	-0.0044815
0.05625	0.04625	-0.00790042
0.05875	0.04625	-0.0113277
0.06125	0.04625	-0.0147559
0.06375	0.04625	-0.0181736
0.06625	0.04625	-0.0215635
0.06875	0.04625	-0.0249014
0.07125	0.04625	-0.0281537
0.07375	0.04625	-0.0312745
0.07625	0.04625	-0.0342003
0.07875	0.04625	-0.0368417
0.08125	0.04625	-0.0390688
0.08375	0.04625	-0.0406884
0.08625	0.04625	-0.0414105
0.08875	0.04625	-0.0408073
0.09125	0.04625	-0.0382764
0.09375	0.04625	-0.0330396
0.09625	0.04625	-0.0242304
0.09875	0.04625	-0.010653
0.00125	0.04875	0.0113936
0.00375	0.04875	0.0260425
0.00625	0.04875	0.035609
0.00875	0.04875	0.0412953
0.01125	0.04875	0.0440302
0.01375	0.04875	0.0446762
0.01625	0.04875	0.0439097
0.01875	0.04875	0.0422082
0.02125	0.04875	0.0398875
0.02375	0.04875	0.0371501
0.02625	0.04875	0.0341248
0.02875	0.04875	0.0308935
0.03125	0.04875	0.0275269
0.03375	0.04875	0.0240696
0.03625	0.04875	0.0205526
0.03875	0.04875	0.0169963
0.04125	0.04875	0.0134137
0.04375	0.04875	0.00981227
0.04625	0.04875	0.00619482
0.04875	0.04875	0.00256143
0.05125	0.04875	-0.00108952
0.05375	0.04875	-0.0047601
0.05625	0.04875	-0.00845162
0.05875	0.04875	-0.0121633
0.06125	0.04875	-0.0158908
0.06375	0.04875	-0.0196248
0.06625	0.04875	-0.0233496
0.06875	0.04875	-0.0270403
0.07125	0.04875	-0.0306609
0.07375	0.04875	-0.0341601
0.07625	0.04875	-0.0374657
0.07875	0.04875	-0.0404745
0.08125	0.04875	-0.0430367
0.08375	0.04875	-0.0449311
0.08625	0.04875	-0.0458282
0.08875	0.04875	-0.045246
0.09125	0.04875	-0.0425095
0.09375	0.04875	-0.0367483
0.09625	0.04875	-0.0269924
0.09875	0.04875	-0.0118932
0.00125	0.05125	0.0126735
0.00375	0.05125	0.0289246
0.00625	0.05125	0.0394994
0.00875	0.05125	0.0457391
0.01125	0.05125	0.0486815
0.01375	0.05125	0.0492927
0.01625	0.05125	0.0483332
0.01875	0.05125	0.046342
0.02125	0.05125	0.0436775
0.02375	0.05125	0.0405706
0.02625	0.05125	0.0371684
0.02875	0.05125	0.0335639
0.03125	0.05125	0.0298377
0.03375	0.05125	0.0260391
0.03625	0.05125	0.0222003
0.03875	0.05125	0.0183414
0.04125	0.05125	0.0144732
0.04375	0.05125	0.0105995
0.04625	0.05125	0.0067193
0.04875	0.05125	0.00282802
0.05125	0.05125	-0.00108089
0.05375	0.05125	-0.00501462
0.05625	0.05125	-0.00897953
0.05875	0.05125	-0.0129797
0.06125	0.05125	-0.0170152
0.06375	0.05125	-0.0210805
0.06625	0.05125	-0.025162
0.06875	0.05125	-0.0292356
0.07125	0.05125	-0.0332633
0.07375	0.05125	-0.0371887
0.07625	0.05125	-0.0409296
0.07875	0.05125	-0.0443672
0.08125	0.05125	-0.0473284
0.08375	0.05125	-0.0495583
0.08625	0.05125	-0.0506811
0.08875	0.05125	-0.0501511
0.09125	0.05125	-0.0472094
0.09375	0.05125	-0.0408812
0.09625	0.05125	-0.0300792
0.09875	0.05125	-0.0132825
0.00125	0.05375	0.0141046
0.00375	0.05375	0.0321436
0.00625	0.05375	0.0438333
0.00875	0.05375	0.0506694
0.01125	0.05375	0.0538132
0.01375	0.05375	0.0543509
0.01625	0.05375	0.053141
0.01875	0.05375	0.0507949
0.02125	0.05375	0.0477213
0.02375	0.05375	0.0441845
0.02625	0.05375	0.040352
0.02875	0.05375	0.0363303
0.03125	0.05375	0.0322105
0.03375	0.05375	0.0280458
0.03625	0.05375	0.0238691
0.03875	0.05375	0.0196987
0.04125	0.05375	0.0155416
0.04375	0.05375	0.0113972
0.04625	0.05375	0.00725904
0.04875	0.05375	0.00311653
0.05125	0.05375	-0.00104314
0.05375	0.05375	-0.00523362
0.05625	0.05375	-0.00946779
0.05875	0.05375	-0.0137561
0.06125	0.05375	-0.0181048
0.06375	0.05375	-0.0225134
0.06625	0.05375	-0.0269725
0.06875	0.05375	-0.0314602
0.07125	0.05375	-0.0359377
0.07375	0.05375	-0.0403438
0.07625	0.05375	-0.0445859
0.07875	0.05375	-0.0485275
0.08125	0.05375	-0.0519679
0.08375	0.05375	-0.0546121
0.08625	0.05375	-0.0560286
0.08875	0.05375	-0.0555964
0.09125	0.05375	-0.0524582
0.09375	0.05375	-0.045518
0.09625	0.05375	-0.0335546
0.09875	0.05375	-0.0148512
0.00125	0.05625	0.0157172
0.00375	0.05625	0.0357651
0.00625	0.05625	0.0486932
0.00875	0.05625	0.0561692
0.01125	0.05625	0.0594976
0.01375	0.05625	0.0599056
0.01625	0.05625	0.0583682
0.01875	0.05625	0.0555835
0.02125	0.05625	0.0520196
0.02375	0.05625	0.0479799
0.02625	0.05625	0.0436546
0.02875	0.05625	0.0391666
0.03125	0.05625	0.0346169
0.03375	0.05625	0.0300619
0.03625	0.05625	0.0255334
0.03875	0.05625	0.0210461
0.04125	0.05625	0.016602
0.04375	0.05625	0.0121939
0.04625	0.05625	0.00780853
0.04875	0.05625	0.00342778
0.05125	0.05625	-0.000968881
0.05375	0.05625	-0.00540309
0.05625	0.05625	-0.00989587
0.05875	0.05625	-0.0144659
0.06125	0.05625	-0.0191272
0.06375	0.05625	-0.023887
0.06625	0.05625	-0.0287421
0.06875	0.05625	-0.0336749
0.07125	0.05625	-0.0386479
0.07375	0.05625	-0.0435963
0.07625	0.05625	-0.0484173
0.07875	0.05625	-0.0529544
0.08125	0.05625	-0.0569749
0.08375	0.05625	-0.060136
0.08625	0.05625	-0.0619385
0.08875	0.05625	-0.0616705
0.09125	0.05625	-0.0583575
0.09375	0.05625	-0.0507602
0.09625	0.05625	-0.0375016
0.09875	0.05625	-0.016639
0.00125	0.05875	0.0175513
0.00375	0.05875	0.0398746
0.00625	0.05875	0.0541835
0.00875	0.05875	0.0623406
0.01125	0.05875	0.0658194
0.01375	0.05875	0.0660165
0.01625	0.05875	0.0640483
0.01875	0.05875	0.0607169
0.02125	0.05875	0.0565618
0.02375	0.05875	0.0519318
0.02625	0.05875	0.0470419
0.02875	0.05875	0.0420336
0.03125	0.05875	0.037017
0.03375	0.05875	0.0320493
0.03625	0.05875	0.0271592
0.03875	0.05875	0.0223553
0.04125	0.05875	0.0176322
0.04375	0.05875	0.0129746
0.04625	0.05875	0.00836019
0.04875	0.05875	0.00376205
0.05125	0.05875	-0.000849741
0.05375	0.05875	-0.00550639
0.05625	0.05875	-0.0102388
0.05875	0.05875	-0.0150757
0.06125	0.05875	-0.0200416
0.06375	0.05875	-0.0251536
0.06625	0.05875	-0.030418
0.06875	0.05875	-0.0358245
0.07125	0.05875	-0.0413402
0.07375	0.05875	-0.046899
0.07625	0.05875	-0.0523888
0.07875	0.05875	-0.0576323
0.08125	0.05875	-0.06236
0.08375	0.05875	-0.0661717
0.08625	0.05875	-0.068486
0.08875	0.05875	-0.0684795
0.09125	0.05875	-0.0650344
0.09375	0.05875	-0.056739
0.09625	0.05875	-0.0420301
0.09875	0.05875	-0.0187
0.00125	0.06125	0.0196608
0.00375	0.06125	0.0445848
0.00625	0.06125	0.0604384
0.00875	0.06125	0.0693095
0.01125	0.06125	0.072877
0.01375	0.06125	0.0727464
0.01625	0.06125	0.070208
0.01875	0.06125	0.0661913
0.02125	0.06125	0.0613207
0.02375	0.06125	0.0559973
0.02625	0.06125	0.050461
0.02875	0.06125	0.0448756
0.03125	0.06125	0.0393562
0.03375	0.06125	0.0339579
0.03625	0.06125	0.0287026
0.03875	0.06125	0.02359
0.04125	0.06125	0.0186044
0.04375	0.06125	0.01372
0.04625	0.06125	0.00890398
0.04875	0.06125	0.00411866
0.05125	0.06125	-0.000676688
0.05375	0.06125	-0.00552443
0.05625	0.06125	-0.0104671
0.05875	0.06125	-0.0155457
0.06125	0.06125	-0.0207975
0.06375	0.06125	-0.0262529
0.06625	0.06125	-0.0319313
0.06875	0.06125	-0.0378345
0.07125	0.06125	-0.0439382
0.07375	0.06125	-0.0501797
0.07625	0.06125	-0.0564406
0.07875	0.06125	-0.0625231
0.08125	0.06125	-0.0681166
0.08375	0.06125	-0.0727534
0.08625	0.06125	-0.0757513
0.08875	0.06125	-0.0761484
0.09125	0.06125	-0.0726485
0.09375	0.06125	-0.0636259
0.09625	0.06125	-0.0472889
0.09875	0.06125	-0.0211096
0.00125	0.06375	0.0221208
0.00375	0.06375	0.0500471
0.00625	0.06375	0.0676315
0.00875	0.06375	0.0772303
0.01125	0.06375	0.0807816
0.01375	0.06375	0.0801554
0.01625	0.06375	0.07686
0.01875	0.06375	0.0719813
0.02125	0.06375	0.066244
0.02375	0.06375	0.0601073
0.02625	0.06375	0.0538354
0.02875	0.06375	0.0476157
0.03125	0.06375	0.0415626
0.03375	0.06375	0.0357235
0.03625	0.06375	0.0301089
0.03875	0.06375	0.0247054
0.04125	0.06375	0.0194842
0.04375	0.06375	0.0144064
0.04625	0.06375	0.0094268
0.04875	0.06375	0.00449541
0.05125	0.06375	-0.000440695
0.05375	0.06375	-0.00543638
0.05625	0.06375	-0.0105474
0.05875	0.06375	-0.0158291
0.06125	0.06375	-0.0213344
0.06375	0.06375	-0.0271106
0.06625	0.06375	-0.0331947
0.06875	0.06375	-0.0396064
0.07125	0.06375	-0.0463368
0.07375	0.06375	-0.0533334
0.07625	0.06375	-0.0604777
0.07875	0.06375	-0.0675542
0.08125	0.06375	-0.0742092
0.08375	0.06375	-0.079897
0.08625	0.06375	-0.0838127
0.08875	0.06375	-0.0848211
0.09125	0.06375	-0.0813989
0.09375	0.06375	-0.0716471
0.09625	0.06375	-0.0534822
0.09875	0.06375	-0.0239757
0.00125	0.06625	0.0250384
0.00375	0.06625	0.0564678
0.00625	0.06625	0.0759875
0.00875	0.06625	0.0862898
0.01125	0.06625	0.0896529
0.01375	0.06625	0.088291
0.01625	0.06625	0.0839899
0.01875	0.06625	0.0780269
0.02125	0.06625	0.0712431
0.02375	0.06625	0.064158
0.02625	0.06625	0.0570576
0.02875	0.06625	0.050152
0.03125	0.06625	0.043544
0.03375	0.06625	0.0372662
0.03625	0.06625	0.0313112
0.03875	0.06625	0.0256478
0.04125	0.06625	0.0202305
0.04375	0.06625	0.0150051
0.04625	0.06625	0.00991192
0.04875	0.06625	0.0048876
0.05125	0.06625	-0.000133946
0.05375	0.06625	-0.00522114
0.05625	0.06625	-0.0104442
0.05875	0.06625	-0.0158746
0.06125	0.06625	-0.0215835
0.06375	0.06625	-0.027639
0.06625	0.06625	-0.0341014
0.06875	0.06625	-0.0410152
0.07125	0.06625	-0.0483963
0.07375	0.06625	-0.0562127
0.07625	0.06625	-0.0643559
0.07875	0.06625	-0.0726012
0.08125	0.06625	-0.080554
0.08375	0.06625	-0.0875815
0.08625	0.06625	-0.0927326
0.08875	0.06625	-0.0946537
0.09125	0.06625	-0.0915287
0.09375	0.06625	-0.0810994
0.09625	0.06625	-0.0608932
0.09875	0.06625	-0.0274559
0.00125	0.06875	0.0285695
0.00375	0.06875	0.0641297
0.00625	0.06875	0.0857952
0.00875	0.06875	0.0967054
0.01125	0.06875	0.0996051
0.01375	0.06875	0.0971679
0.01625	0.06875	0.0915347
0.01875	0.06875	0.0842144
0.02125	0.06875	0.0761778
0.02375	0.06875	0.067997
0.02625	0.06875	0.059982
0.02875	0.06875	0.0523524
0.03125	0.06875	0.0451859
0.03375	0.06875	0.0384896
0.03625	0.06875	0.0322306
0.03875	0.06875	0.0263546
0.04125	0.06875	0.0207956
0.04375	0.06875	0.0154819
0.04625	0.06875	0.0103381
0.04875	0.06875	0.00528678
0.05125	0.06875	0.000248207
0.05375	0.06875	-0.00485985
0.05625	0.06875	-0.0101227
0.05875	0.06875	-0.0156291
0.06125	0.06875	-0.0214706
0.06375	0.06875	-0.02774
0.06625	0.06875	-0.0345266
0.06875	0.06875	-0.0419086
0.07125	0.06875	-0.0499381
0.07375	0.06875	-0.0586182
0.07625	0.06875	-0.0678672
0.07875	0.06875	-0.0774668
0.08125	0.06875	-0.0869915
0.08375	0.06875	-0.0957193
0.08625	0.06875	-0.102529
0.08875	0.06875	-0.105796
0.09125	0.06875	-0.103322
0.09375	0.06875	-0.0923663
0.09625	0.06875	-0.0699151
0.09875	0.06875	-0.0317846
0.00125	0.07125	0.0329449
0.00375	0.07125	0.0734197
0.00625	0.07125	0.0974157
0.00875	0.07125	0.108711
0.01125	0.07125	0.110719
0.01375	0.07125	0.106733
0.01625	0.07125	0.0993498
0.01875	0.07125	0.0903487
0.02125	0.07125	0.0808335
0.02375	0.07125	0.0714095
0.02625	0.07125	0.062419
0.02875	0.07125	0.0540536
0.03125	0.07125	0.0463517
0.03375	0.07125	0.0392819
0.03625	0.07125	0.0327776
0.03875	0.07125	0.0267553
0.04125	0.07125	0.0211257
0.04375	0.07125	0.0157973
0.04625	0.07125	0.0106789
0.04875	0.07125	0.00567883
0.05125	0.07125	0.000704389
0.05375	0.07125	-0.00433993
0.05625	0.07125	-0.00955411
0.05875	0.07125	-0.0150443
0.06125	0.07125	-0.0209237
0.06375	0.07125	-0.0273125
0.06625	0.07125	-0.034335
0.06875	0.07125	-0.0421118
0.07125	0.07125	-0.0507456
0.07375	0.07125	-0.0602938
0.07625	0.07125	-0.0707255
0.07875	0.07125	-0.0818554
0.08125	0.07125	-0.0932505
0.08375	0.07125	-0.10411
0.08625	0.07125	-0.113127
0.08875	0.07125	-0.118348
0.09125	0.07125	-0.117083
0.09375	0.07125	-0.105926
0.09625	0.07125	-0.0810869
0.09875	0.07125	-0.0373115
0.00125	0.07375	0.0385079
0.00375	0.07375	0.0848575
0.00625	0.07375	0.111276
0.00875	0.07375	0.122519
0.01125	0.07375	0.122983
0.01375	0.07375	0.116811
0.01625	0.07375	0.107163
0.01875	0.07375	0.096121
0.02125	0.07375	0.0849033
0.02375	0.07375	0.0741216
0.02625	0.07375	0.064133
0.02875	0.07375	0.0550617
0.03125	0.07375	0.0468856
0.03375	0.07375	0.0395202
0.03625	0.07375	0.0328557
0.03875	0.07375	0.0267749
0.04125	0.07375	0.0211625
0.04375	0.07375	0.0159071
0.04625	0.07375	0.0109018
0.04875	0.07375	0.00604195
0.05125	0.07375	0.00122351
0.05375	0.07375	-0.00366051
0.05625	0.07375	-0.00872295
0.05875	0.07375	-0.0140859
0.06125	0.07375	-0.0198839
0.06375	0.07375	-0.0262656
0.06625	0.07375	-0.0333942
0.06875	0.07375	-0.0414415
0.07125	0.07375	-0.0505751
0.07375	0.07375	-0.0609302
0.07625	0.07375	-0.0725592
0.07875	0.07375	-0.08535
0.08125	0.07375	-0.0989051
0.08375	0.07375	-0.112379
0.08625	0.07375	-0.124282
0.08875	0.07375	-0.132287
0.09125	0.07375	-0.133073
0.09375	0.07375	-0.122331
0.09625	0.07375	-0.0951257
0.09875	0.07375	-0.0445564
0.00125	0.07625	0.0457658
0.00375	0.07625	0.0991144
0.00625	0.07625	0.127823
0.00875	0.07625	0.13823
0.01125	0.07625	0.136199
0.01375	0.07625	0.127017
0.01625	0.07625	0.114516
0.01875	0.07625	0.101073
0.02125	0.07625	0.087963
0.02375	0.07625	0.0757849
0.02625	0.07625	0.0648466
0.02875	0.07625	0.0551616
0.03125	0.07625	0.0466229
0.03375	0.07625	0.0390787
0.03625	0.07625	0.0323685
0.03875	0.07625	0.0263388
0.04125	0.07625	0.0208475
0.04375	0.07625	0.0157642
0.04625	0.07625	0.0109683
0.04875	0.07625	0.00634471
0.05125	0.07625	0.00178072
0.05375	0.07625	-0.00283888
0.05625	0.07625	-0.00763645
0.05875	0.07625	-0.0127468
0.06125	0.07625	-0.0183225
0.06375	0.07625	-0.0245394
0.06625	0.07625	-0.0316
0.06875	0.07625	-0.0397328
0.07125	0.07625	-0.0491835
0.07375	0.07625	-0.0601887
0.07625	0.07625	-0.072923
0.07875	0.07625	-0.0874032
0.08125	0.07625	-0.103336
0.08375	0.07625	-0.1199
0.08625	0.07625	-0.135472
0.08875	0.07625	-0.147328
0.09125	0.07625	-0.151391
0.09375	0.07625	-0.142136
0.09625	0.07625	-0.112934
0.09875	0.07625	-0.0542778
0.00125	0.07875	0.0554526
0.00375	0.07875	0.116992
0.00625	0.07875	0.147407
0.00875	0.07875	0.155668
0.01125	0.07875	0.14983
0.01375	0.07875	0.136652
0.01625	0.07875	0.120699
0.01875	0.07875	0.10457
0.02125	0.07875	0.0894841
0.02375	0.07875	0.0760044
0.02625	0.07875	0.0642665
0.02875	0.07875	0.0541395
0.03125	0.07875	0.0454084
0.03375	0.07875	0.037844
0.03625	0.07875	0.0312318
0.03875	0.07875	0.0253817
0.04125	0.07875	0.0201274
0.04375	0.07875	0.0153224
0.04625	0.07875	0.0108356
0.04875	0.07875	0.00654543
0.05125	0.07875	0.00233441
0.05375	0.07875	-0.00191642
0.05625	0.07875	-0.00633399
0.05875	0.07875	-0.0110603
0.06125	0.07875	-0.0162603
0.06375	0.07875	-0.0221311
0.06625	0.07875	-0.0289102
0.06875	0.07875	-0.0368823
0.07125	0.07875	-0.0463769
0.07375	0.07875	-0.0577515
0.07625	0.07875	-0.0713423
0.07875	0.07875	-0.0873618
0.08125	0.07875	-0.105718
0.08375	0.07875	-0.125734
0.08625	0.07875	-0.145762
0.08875	0.07875	-0.162741
0.09125	0.07875	-0.171753
0.09375	0.07875	-0.165714
0.09625	0.07875	-0.135537
0.09875	0.07875	-0.0675497
0.00125	0.08125	0.0685898
0.00375	0.08125	0.139306
0.00625	0.08125	0.170018
0.00875	0.08125	0.174113
0.01125	0.08125	0.162797
0.01375	0.08125	0.144597
0.01625	0.08125	0.124723
0.01875	0.08125	0.105812
0.02125	0.08125	0.0889052
0.02375	0.08125	0.0743852
0.02625	0.08125	0.0621254
0.02875	0.08125	0.0518171
0.03125	0.08125	0.0431237
0.03375	0.08125	0.0357359
0.03625	0.08125	0.0293884
0.03875	0.08125	0.0238593
0.04125	0.08125	0.0189632
0.04375	0.08125	0.0145426
0.04625	0.08125	0.0104608
0.04875	0.08125	0.0065944
0.05125	0.08125	0.00282629
0.05375	0.08125	-0.000960995
0.05625	0.08125	-0.0048928
0.05875	0.08125	-0.00911105
0.06125	0.08125	-0.0137845
0.06375	0.08125	-0.019121
0.06625	0.08125	-0.0253825
0.06875	0.08125	-0.0328996
0.07125	0.08125	-0.0420797
0.07375	0.08125	-0.0534065
0.07625	0.08125	-0.0674059
0.07875	0.08125	-0.0845516
0.08125	0.08125	-0.105072
0.08375	0.08125	-0.128606
0.08625	0.08125	-0.153692
0.08875	0.08125	-0.177113
0.09125	0.08125	-0.193165
0.09375	0.08125	-0.192921
0.09625	0.08125	-0.163881
0.09875	0.08125	-0.0858213
0.00125	0.08375	0.0865149
0.00375	0.08375	0.16659
0.00625	0.08375	0.194841
0.00875	0.08375	0.191924
0.01125	0.08375	0.173288
0.01375	0.08375	0.149266
0.01625	0.08375	0.125374
0.01875	0.08375	0.103952
0.02125	0.08375	0.0857007
0.02375	0.08375	0.070609
0.02625	0.08375	0.0582403
0.02875	0.08375	0.0480946
0.03125	0.08375	0.0397177
0.03375	0.08375	0.0327302
0.03625	0.08375	0.0268257
0.03875	0.08375	0.0217613
0.04125	0.08375	0.0173405
0.04375	0.08375	0.0134016
0.04625	0.08375	0.00980832
0.04875	0.08375	0.00644078
0.05125	0.08375	0.00318752
0.05375	0.08375	-6.18635e-05
0.05625	0.08375	-0.00342463
0.05875	0.08375	-0.00703455
0.06125	0.08375	-0.0110535
0.06375	0.08375	-0.0156858
0.06625	0.08375	-0.0212008
0.06875	0.08375	-0.027954
0.07125	0.08375	-0.0364073
0.07375	0.08375	-0.0471526
0.07625	0.08375	-0.0609048
0.07875	0.08375	-0.0784383
0.08125	0.08375	-0.100414
0.08375	0.08375	-0.127005
0.08625	0.08375	-0.157249
0.08875	0.08375	-0.188145
0.09125	0.08375	-0.213518
0.09375	0.08375	-0.222566
0.09625	0.08375	-0.198393
0.09875	0.08375	-0.110908
0.00125	0.08625	0.110825
0.00375	0.08625	0.198493
0.00625	0.08625	0.219575
0.00875	0.08625	0.206147
0.01125	0.08625	0.178672
0.01375	0.08625	0.148728
0.01625	0.08625	0.121413
0.01875	0.08625	0.0983257
0.02125	0.08625	0.0795331
0.02375	0.08625	0.0645312
0.02625	0.08625	0.0525742
0.02875	0.08625	0.0429902
0.03125	0.08625	0.035233
0.03375	0.08625	0.0288767
0.03625	0.08625	0.0235919
0.03875	0.08625	0.019127
0.04125	0.08625	0.0152849
0.04375	0.08625	0.0119078
0.04625	0.08625	0.00886657
0.04875	0.08625	0.00605014
0.05125	0.08625	0.00335766
0.05375	0.08625	0.00069084
0.05625	0.08625	-0.00205376
0.05875	0.08625	-0.00499432
0.06125	0.08625	-0.00827565
0.06375	0.08625	-0.0120821
0.06625	0.08625	-0.0166681
0.06875	0.08625	-0.0223838
0.07125	0.08625	-0.0297047
0.07375	0.08625	-0.0392845
0.07625	0.08625	-0.051982
0.07875	0.08625	-0.068851
0.08125	0.08625	-0.0910414
0.08375	0.08625	-0.119466
0.08625	0.08625	-0.154054
0.08875	0.08625	-0.192602
0.09125	0.08625	-0.2292
0.09375	0.08625	-0.251689
0.09625	0.08625	-0.238178
0.09875	0.08625	-0.14481
0.00125	0.08875	0.143118
0.00375	0.08875	0.232722
0.00625	0.08875	0.239598
0.00875	0.08875	0.212254
0.01125	0.08875	0.17562
0.01375	0.08875	0.140946
0.01625	0.08875	0.111815
0.01875	0.08875	0.0885461
0.02125	0.08875	0.0703748
0.02375	0.08875	0.0562833
0.02625	0.08875	0.0453124
0.02875	0.08875	0.0366947
0.03125	0.08875	0.0298456
0.03375	0.08875	0.0243267
0.03625	0.08875	0.0198048
0.03875	0.08875	0.0160474
0.04125	0.08875	0.0128633
0.04375	0.08875	0.0101053
0.04625	0.08875	0.00765778
0.04875	0.08875	0.00542303
0.05125	0.08875	0.00331446
0.05375	0.08875	0.00124909
0.05625	0.08875	-0.000859874
0.05875	0.08875	-0.00311062
0.06125	0.08875	-0.00562332
0.06375	0.08875	-0.00855683
0.06625	0.08875	-0.0121195
0.06875	0.08875	-0.0166198
0.07125	0.08875	-0.0224919
0.07375	0.08875	-0.0303848
0.07625	0.08875	-0.0412105
0.07875	0.08875	-0.0561948
0.08125	0.08875	-0.0769006
0.08375	0.08875	-0.105055
0.08625	0.08875	-0.141836
0.08875	0.08875	-0.186597
0.09125	0.08875	-0.234927
0.09375	0.08875	-0.274752
0.09625	0.08875	-0.27969
0.09875	0.08875	-0.189107
0.00125	0.09125	0.184432
0.00375	0.09125	0.263125
0.00625	0.09125	0.24693
0.00875	0.09125	0.204471
0.01125	0.09125	0.160993
0.01375	0.09125	0.124529
0.01625	0.09125	0.0959868
0.01875	0.09125	0.0743116
0.02125	0.09125	0.0580481
0.02375	0.09125	0.0457676
0.02625	0.09125	0.0364063
0.02875	0.09125	0.0291883
0.03125	0.09125	0.0235496
0.03375	0.09125	0.0190798
0.03625	0.09125	0.0154807
0.03875	0.09125	0.012534
0.04125	0.09125	0.0100735
0.04375	0.09125	0.0079742
0.04625	0.09125	0.00613941
0.04875	0.09125	0.0044899
0.05125	0.09125	0.00295752
0.05375	0.09125	0.00147897
0.05625	0.09125	-1.03684e-05
0.05875	0.09125	-0.00158217
0.06125	0.09125	-0.00332311
0.06375	0.09125	-0.00535002
0.06625	0.09125	-0.00782158
0.06875	0.09125	-0.0109674
0.07125	0.09125	-0.0151463
0.07375	0.09125	-0.0209137
0.07625	0.09125	-0.0291267
0.07875	0.09125	-0.0410754
0.08125	0.09125	-0.0585203
0.08375	0.09125	-0.0837641
0.08625	0.09125	-0.119393
0.08875	0.09125	-0.166631
0.09125	0.09125	-0.224219
0.09375	0.09125	-0.282892
0.09625	0.09125	-0.314623
0.09875	0.09125	-0.243359
0.00125	0.09375	0.230239
0.00375	0.09375	0.276581
0.00625	0.09375	0.230816
0.00875	0.09375	0.175721
0.01125	0.09375	0.130852
0.01375	0.09375	0.0976813
0.01625	0.09375	0.0735418
0.01875	0.09375	0.0559778
0.02125	0.09375	0.0431188
0.02375	0.09375	0.0335922
0.02625	0.09375	0.0264469
0.02875	0.09375	0.0210184
0.03125	0.09375	0.0168368
0.03375	0.09375	0.0135675
0.03625	0.09375	0.0109702
0.03875	0.09375	0.00887126
0.04125	0.09375	0.00714221
0.04375	0.09375	0.00568738
0.04625	0.09375	0.00443386
0.04875	0.09375	0.0033237
0.05125	0.09375	0.00230858
0.05375	0.09375	0.00134553
0.05625	0.09375	0.000392989
0.05875	0.09375	-0.000593841
0.06125	0.09375	-0.00166863
0.06375	0.09375	-0.00289957
0.06625	0.09375	-0.00438889
0.06875	0.09375	-0.00629052
0.07125	0.09375	-0.00883387
0.07375	0.09375	-0.0123844
0.07625	0.09375	-0.0175351
0.07875	0.09375	-0.0252603
0.08125	0.09375	-0.0371211
0.08375	0.09375	-0.0555796
0.08625	0.09375	-0.0843756
0.08875	0.09375	-0.128293
0.09125	0.09375	-0.189672
0.09375	0.09375	-0.2649
0.09625	0.09375	-0.327879
0.09875	0.09375	-0.301779
0.00125	0.09625	0.2806
0.00375	0.09625	0.247741
0.00625	0.09625	0.170644
0.00875	0.09625	0.118653
0.01125	0.09625	0.0843921
0.01375	0.09625	0.061275
0.01625	0.09625	0.0452435
0.01875	0.09625	0.0339109
0.02125	0.09625	0.0257821
0.02375	0.09625	0.0198628
0.02625	0.09625	0.0154894
0.02875	0.09625	0.0122116
0.03125	0.09625	0.00971859
0.03375	0.09625	0.00779275
0.03625	0.09625	0.00628045
0.03875	0.09625	0.00507204
0.04125	0.09625	0.00408787
0.04375	0.09625	0.00326942
0.04625	0.09625	0.00257276
0.04875	0.09625	0.00196373
0.05125	0.09625	0.0014146
0.05375	0.09625	0.000901492
0.05625	0.09625	0.000402136
0.05875	0.09625	-0.000106762
0.06125	0.09625	-0.000652708
0.06375	0.09625	-0.00127105
0.06625	0.09625	-0.00201419
0.06875	0.09625	-0.00296008
0.07125	0.09625	-0.00422427
0.07375	0.09625	-0.00598646
0.07625	0.09625	-0.0085306
0.07875	0.09625	-0.0123167
0.08125	0.09625	-0.0181643
0.08375	0.09625	-0.0275883
0.08625	0.09625	-0.0432868
0.08875	0.09625	-0.0701889
0.09125	0.09625	-0.116341
0.09375	0.09625	-0.191994
0.09625	0.09625	-0.287659
0.09875	0.09625	-0.347726
0.00125	0.09875	0.129402
0.00375	0.09875	0.099653
0.00625	0.09875	0.0700516
0.00875	0.09875	0.0515133
0.01125	0.09875	0.0385362
0.01375	0.09875	0.0290425
0.01625	0.09875	0.0219895
0.01875	0.09875	0.0167324
0.02125	0.09875	0.0128144
0.02375	0.09875	0.00989015
0.02625	0.09875	0.00769944
0.02875	0.09875	0.00604797
0.03125	0.09875	0.00479184
0.03375	0.09875	0.00382543
0.03625	0.09875	0.00307166
0.03875	0.09875	0.00247448
0.04125	0.09875	0.00199291
0.04375	0.09875	0.00159683
0.04625	0.09875	0.00126374
0.04875	0.09875	0.000976429
0.05125	0.09875	0.000721273
0.05375	0.09875	0.000486901
0.05625	0.09875	0.000263127
0.05875	0.09875	3.9779e-05
0.06125	0.09875	-0.000194642
0.06375	0.09875	-0.000454514
0.06625	0.09875	-0.000759933
0.06875	0.09875	-0.00113995
0.07125	0.09875	-0.00163726
0.07375	0.09875	-0.00231703
0.07625	0.09875	-0.00328131
0.07875	0.09875	-0.00469713
0.08125	0.09875	-0.00686251
0.08375	0.09875	-0.0103026
0.08625	0.09875	-0.0158849
0.08875	0.09875	-0.0251636
0.09125	0.09875	-0.0412485
0.09375	0.09875	-0.0709541
0.09625	0.09875	-0.11764
0.09875	0.09875	-0.184392
