0.00125	0.00125	4.88588e-05
0.00375	0.00125	4.53556e-05
0.00625	0.00125	0.000204927
0.00875	0.00125	0.000514132
0.01125	0.00125	0.000894718
0.01375	0.00125	0.00130817
0.01625	0.00125	0.00173053
0.01875	0.00125	0.00214745
0.02125	0.00125	0.00255039
0.02375	0.00125	0.00293394
0.02625	0.00125	0.00329433
0.02875	0.00125	0.00362855
0.03125	0.00125	0.00393402
0.03375	0.00125	0.00420843
0.03625	0.00125	0.00444966
0.03875	0.00125	0.00465582
0.04125	0.00125	0.00482526
0.04375	0.00125	0.00495656
0.04625	0.00125	0.00504855
0.04875	0.00125	0.00510033
0.05125	0.00125	0.00511129
0.05375	0.00125	0.0050811
0.05625	0.00125	0.00500972
0.05875	0.00125	0.00489743
0.06125	0.00125	0.00474479
0.06375	0.00125	0.00455271
0.06625	0.00125	0.00432241
0.06875	0.00125	0.00405542
0.07125	0.00125	0.0037536
0.07375	0.00125	0.00341916
0.07625	0.00125	0.0030547
0.07875	0.00125	0.00266341
0.08125	0.00125	0.00224943
0.08375	0.00125	0.00181871
0.08625	0.00125	0.00138056
0.08875	0.00125	0.000950235
0.09125	0.00125	0.000552718
0.09375	0.00125	0.000227487
0.09625	0.00125	4.58634e-05
0.09875	0.00125	4.62404e-05
0.00125	0.00375	4.52574e-05
0.00375	0.00375	0.000359817
0.00625	0.00375	0.000934308
0.00875	0.00375	0.00165126
0.01125	0.00375	0.0024754
0.01375	0.00375	0.00335946
0.01625	0.00375	0.00426479
0.01875	0.00375	0.00516345
0.02125	0.00375	0.00603619
0.02375	0.00375	0.00686959
0.02625	0.00375	0.00765384
0.02875	0.00375	0.00838126
0.03125	0.00375	0.0090455
0.03375	0.00375	0.00964111
0.03625	0.00375	0.0101634
0.03875	0.00375	0.0106081
0.04125	0.00375	0.0109718
0.04375	0.00375	0.0112516
0.04625	0.00375	0.0114451
0.04875	0.00375	0.0115506
0.05125	0.00375	0.0115669
0.05375	0.00375	0.0114936
0.05625	0.00375	0.0113309
0.05875	0.00375	0.0110795
0.06125	0.00375	0.010741
0.06375	0.00375	0.0103175
0.06625	0.00375	0.00981182
0.06875	0.00375	0.00922767
0.07125	0.00375	0.0085694
0.07375	0.00375	0.0078423
0.07625	0.00375	0.00705277
0.07875	0.00375	0.00620878
0.08125	0.00375	0.00532071
0.08375	0.00375	0.00440279
0.08625	0.00375	0.00347539
0.08875	0.00375	0.00256771
0.09125	0.00375	0.00171984
0.09375	0.00375	0.000980365
0.09625	0.00375	0.000386047
0.09875	0.00375	4.49652e-05
0.00125	0.00625	0.000202934
0.00375	0.00625	0.000936089
0.00625	0.00625	0.00183893
0.00875	0.00625	0.00284188
0.01125	0.00625	0.00393531
0.01375	0.00625	0.00508959
0.01625	0.00625	0.00627045
0.01875	0.00625	0.00744704
0.02125	0.00625	0.00859467
0.02375	0.00625	0.00969438
0.02625	0.00625	0.0107316
0.02875	0.00625	0.0116948
0.03125	0.00625	0.0125745
0.03375	0.00625	0.013363
0.03625	0.00625	0.0140535
0.03875	0.00625	0.0146404
0.04125	0.00625	0.0151191
0.04375	0.00625	0.0154858
0.04625	0.00625	0.0157373
0.04875	0.00625	0.0158717
0.05125	0.00625	0.0158876
0.05375	0.00625	0.0157845
0.05625	0.00625	0.0155628
0.05875	0.00625	0.0152239
0.06125	0.00625	0.0147699
0.06375	0.00625	0.0142038
0.06625	0.00625	0.0135298
0.06875	0.00625	0.0127531
0.07125	0.00625	0.0118799
0.07375	0.00625	0.010918
0.07625	0.00625	0.00987684
0.07875	0.00625	0.00876833
0.08125	0.00625	0.00760762
0.08375	0.00625	0.00641447
0.08625	0.00625	0.00521459
0.08875	0.00625	0.00403991
0.09125	0.00625	0.00292564
0.09375	0.00625	0.00190216
0.09625	0.00625	0.000978939
0.09875	0.00625	0.000221899
0.00125	0.00875	0.000513961
0.00375	0.00875	0.00166559
0.00625	0.00875	0.00286215
0.00875	0.00875	0.00407284
0.01125	0.00875	0.00532298
0.01375	0.00875	0.00661401
0.01625	0.00875	0.00792898
0.01875	0.00875	0.00924277
0.02125	0.00875	0.0105301
0.02375	0.00875	0.0117691
0.02625	0.00875	0.0129415
0.02875	0.00875	0.0140328
0.03125	0.00875	0.0150309
0.03375	0.00875	0.0159259
0.03625	0.00875	0.0167097
0.03875	0.00875	0.0173754
0.04125	0.00875	0.0179176
0.04375	0.00875	0.0183317
0.04625	0.00875	0.0186145
0.04875	0.00875	0.0187634
0.05125	0.00875	0.0187773
0.05375	0.00875	0.0186556
0.05625	0.00875	0.018399
0.05875	0.00875	0.0180092
0.06125	0.00875	0.0174888
0.06375	0.00875	0.0168417
0.06625	0.00875	0.0160729
0.06875	0.00875	0.0151889
0.07125	0.00875	0.0141976
0.07375	0.00875	0.0131088
0.07625	0.00875	0.0119347
0.07875	0.00875	0.0106902
0.08125	0.00875	0.00939405
0.08375	0.00875	0.00806882
0.08625	0.00875	0.00674052
0.08875	0.00875	0.00543488
0.09125	0.00875	0.00416912
0.09375	0.00875	0.0029415
0.09625	0.00875	0.00172492
0.09875	0.00875	0.000543426
0.00125	0.01125	0.000904556
0.00375	0.01125	0.00252417
0.00625	0.01125	0.00400945
0.00875	0.01125	0.00538671
0.01125	0.01125	0.00672409
0.01375	0.01125	0.00806291
0.01625	0.01125	0.00941365
0.01875	0.01125	0.0107645
0.02125	0.01125	0.0120944
0.02375	0.01125	0.0133812
0.02625	0.01125	0.0146044
0.02875	0.01125	0.015747
0.03125	0.01125	0.0167946
0.03375	0.01125	0.0177357
0.03625	0.01125	0.0185606
0.03875	0.01125	0.0192614
0.04125	0.01125	0.019832
0.04375	0.01125	0.0202673
0.04625	0.01125	0.0205637
0.04875	0.01125	0.0207185
0.05125	0.01125	0.0207305
0.05375	0.01125	0.0205992
0.05625	0.01125	0.0203256
0.05875	0.01125	0.0199114
0.06125	0.01125	0.01936
0.06375	0.01125	0.0186758
0.06625	0.01125	0.0178647
0.06875	0.01125	0.0169343
0.07125	0.01125	0.0158939
0.07375	0.01125	0.0147554
0.07625	0.01125	0.0135331
0.07875	0.01125	0.0122445
0.08125	0.01125	0.0109102
0.08375	0.01125	0.00955302
0.08625	0.01125	0.00819432
0.08875	0.01125	0.0068458
0.09125	0.01125	0.00549699
0.09375	0.01125	0.00410517
0.09625	0.01125	0.00259919
0.09875	0.01125	0.000943093
0.00125	0.01375	0.00134251
0.00375	0.01375	0.00347859
0.00625	0.01375	0.00526958
0.00875	0.01375	0.00680534
0.01125	0.01375	0.00820007
0.01375	0.01375	0.00953969
0.01625	0.01375	0.0108674
0.01875	0.01375	0.0121918
0.02125	0.01375	0.0135007
0.02375	0.01375	0.0147743
0.02625	0.01375	0.0159917
0.02875	0.01375	0.017134
0.03125	0.01375	0.0181853
0.03375	0.01375	0.0191321
0.03625	0.01375	0.0199636
0.03875	0.01375	0.0206709
0.04125	0.01375	0.0212472
0.04375	0.01375	0.0216868
0.04625	0.01375	0.0219858
0.04875	0.01375	0.0221415
0.05125	0.01375	0.0221524
0.05375	0.01375	0.0220182
0.05625	0.01375	0.02174
0.05875	0.01375	0.0213199
0.06125	0.01375	0.0207615
0.06375	0.01375	0.02007
0.06625	0.01375	0.0192521
0.06875	0.01375	0.0183163
0.07125	0.01375	0.0172736
0.07375	0.01375	0.0161372
0.07625	0.01375	0.0149234
0.07875	0.01375	0.0136512
0.08125	0.01375	0.0123417
0.08375	0.01375	0.0110149
0.08625	0.01375	0.00968266
0.08875	0.01375	0.00833651
0.09125	0.01375	0.00693231
0.09375	0.01375	0.00538248
0.09625	0.01375	0.00356876
0.09875	0.01375	0.00138917
0.00125	0.01625	0.00181083
0.00375	0.01625	0.00450557
0.00625	0.01625	0.00662895
0.00875	0.01625	0.00833504
0.01125	0.01625	0.00978449
0.01375	0.01625	0.0111083
0.01625	0.01625	0.0123861
0.01875	0.01625	0.0136497
0.02125	0.01625	0.0149004
0.02375	0.01625	0.0161234
0.02625	0.01625	0.0172993
0.02875	0.01625	0.0184085
0.03125	0.01625	0.0194337
0.03375	0.01625	0.0203602
0.03625	0.01625	0.0211761
0.03875	0.01625	0.0218715
0.04125	0.01625	0.0224389
0.04375	0.01625	0.0228722
0.04625	0.01625	0.0231671
0.04875	0.01625	0.0233207
0.05125	0.01625	0.0233314
0.05375	0.01625	0.0231991
0.05625	0.01625	0.0229247
0.05875	0.01625	0.0225109
0.06125	0.01625	0.0219617
0.06375	0.01625	0.0212826
0.06625	0.01625	0.0204812
0.06875	0.01625	0.019567
0.07125	0.01625	0.018552
0.07375	0.01625	0.017451
0.07625	0.01625	0.0162813
0.07875	0.01625	0.0150625
0.08125	0.01625	0.0138142
0.08375	0.01625	0.0125504
0.08625	0.01625	0.0112701
0.08875	0.01625	0.00994063
0.09125	0.01625	0.00848178
0.09375	0.01625	0.00676052
0.09625	0.01625	0.00461126
0.09875	0.01625	0.00186541
0.00125	0.01875	0.00230248
0.00375	0.01875	0.00559334
0.00625	0.01875	0.00807853
0.00875	0.01875	0.00997578
0.01125	0.01875	0.0114919
0.01375	0.01875	0.0128025
0.01625	0.01875	0.0140237
0.01875	0.01875	0.015213
0.02125	0.01875	0.016387
0.02375	0.01875	0.0175391
0.02625	0.01875	0.0186527
0.02875	0.01875	0.0197087
0.03125	0.01875	0.0206895
0.03375	0.01875	0.0215793
0.03625	0.01875	0.0223654
0.03875	0.01875	0.0230371
0.04125	0.01875	0.0235863
0.04375	0.01875	0.0240065
0.04625	0.01875	0.024293
0.04875	0.01875	0.0244427
0.05125	0.01875	0.0244541
0.05375	0.01875	0.0243269
0.05625	0.01875	0.0240622
0.05875	0.01875	0.023663
0.06125	0.01875	0.0231335
0.06375	0.01875	0.0224797
0.06625	0.01875	0.02171
0.06875	0.01875	0.0208346
0.07125	0.01875	0.0198664
0.07375	0.01875	0.0188209
0.07625	0.01875	0.017716
0.07875	0.01875	0.0165705
0.08125	0.01875	0.0154006
0.08375	0.01875	0.0142125
0.08625	0.01875	0.0129893
0.08875	0.01875	0.0116726
0.09125	0.01875	0.0101459
0.09375	0.01875	0.00823122
0.09625	0.01875	0.00571607
0.09875	0.01875	0.00236557
0.00125	0.02125	0.00281641
0.00375	0.02125	0.00673921
0.00625	0.02125	0.00961604
0.00875	0.02125	0.0117283
0.01125	0.02125	0.0133291
0.01375	0.02125	0.0146381
0.01625	0.02125	0.0158076
0.01875	0.02125	0.0169218
0.02125	0.02125	0.0180131
0.02375	0.02125	0.0190851
0.02625	0.02125	0.0201256
0.02875	0.02125	0.0211173
0.03125	0.02125	0.0220426
0.03375	0.02125	0.0228855
0.03625	0.02125	0.0236327
0.03875	0.02125	0.0242732
0.04125	0.02125	0.0247981
0.04375	0.02125	0.0252006
0.04625	0.02125	0.025476
0.04875	0.02125	0.0256209
0.05125	0.02125	0.0256335
0.05375	0.02125	0.0255137
0.05625	0.02125	0.0252628
0.05875	0.02125	0.0248838
0.06125	0.02125	0.0243811
0.06375	0.02125	0.0237614
0.06625	0.02125	0.0230332
0.06875	0.02125	0.0222074
0.07125	0.02125	0.0212973
0.07375	0.02125	0.0203189
0.07625	0.02125	0.0192895
0.07875	0.02125	0.0182261
0.08125	0.02125	0.01714
0.08375	0.02125	0.016028
0.08625	0.02125	0.014856
0.08875	0.02125	0.0135396
0.09125	0.02125	0.0119261
0.09375	0.02125	0.00979343
0.09625	0.02125	0.00688168
0.09875	0.02125	0.00288932
0.00125	0.02375	0.00335487
0.00375	0.02375	0.00794668
0.00625	0.02375	0.0112453
0.00875	0.02375	0.0135971
0.01125	0.02375	0.0153022
0.01375	0.02375	0.0166246
0.01625	0.02375	0.0177527
0.01875	0.02375	0.0187966
0.02125	0.02375	0.0198069
0.02375	0.02375	0.0207966
0.02625	0.02375	0.0217596
0.02875	0.02375	0.0226811
0.03125	0.02375	0.0235446
0.03375	0.02375	0.0243345
0.03625	0.02375	0.0250371
0.03875	0.02375	0.0256412
0.04125	0.02375	0.0261377
0.04375	0.02375	0.0265197
0.04625	0.02375	0.026782
0.04875	0.02375	0.0269212
0.05125	0.02375	0.0269357
0.05375	0.02375	0.0268252
0.05625	0.02375	0.026591
0.05875	0.02375	0.0262361
0.06125	0.02375	0.0257654
0.06375	0.02375	0.0251855
0.06625	0.02375	0.0245053
0.06875	0.02375	0.0237359
0.07125	0.02375	0.0228908
0.07375	0.02375	0.0219854
0.07625	0.02375	0.021036
0.07875	0.02375	0.0200567
0.08125	0.02375	0.0190533
0.08375	0.02375	0.0180115
0.08625	0.02375	0.0168801
0.08875	0.02375	0.0155485
0.09125	0.02375	0.013828
0.09375	0.02375	0.0114522
0.09625	0.02375	0.00811268
0.09875	0.02375	0.00343958
0.00125	0.02625	0.0039219
0.00375	0.02625	0.00922315
0.00625	0.02625	0.012975
0.00875	0.02625	0.0155908
0.01125	0.02625	0.0174197
0.01375	0.02625	0.0187711
0.01625	0.02625	0.0198694
0.01875	0.02625	0.0208513
0.02125	0.02625	0.0217851
0.02375	0.02625	0.0226936
0.02625	0.02625	0.0235782
0.02875	0.02625	0.0244271
0.03125	0.02625	0.0252256
0.03375	0.02625	0.0259585
0.03625	0.02625	0.0266128
0.03875	0.02625	0.0271771
0.04125	0.02625	0.0276423
0.04375	0.02625	0.0280015
0.04625	0.02625	0.0282494
0.04875	0.02625	0.0283827
0.05125	0.02625	0.0283995
0.05375	0.02625	0.0282996
0.05625	0.02625	0.0280844
0.05875	0.02625	0.0277568
0.06125	0.02625	0.0273218
0.06375	0.02625	0.0267861
0.06625	0.02625	0.0261584
0.06875	0.02625	0.0254498
0.07125	0.02625	0.0246734
0.07375	0.02625	0.0238438
0.07625	0.02625	0.0229756
0.07875	0.02625	0.0220792
0.08125	0.02625	0.0211539
0.08375	0.02625	0.0201744
0.08625	0.02625	0.0190718
0.08875	0.02625	0.0177091
0.09125	0.02625	0.0158616
0.09375	0.02625	0.0132173
0.09625	0.02625	0.00941757
0.09875	0.02625	0.00402099
0.00125	0.02875	0.00452254
0.00375	0.02875	0.0105786
0.00625	0.02875	0.0148172
0.00875	0.02875	0.0177221
0.01125	0.02875	0.0196939
0.01375	0.02875	0.0210889
0.01625	0.02875	0.0221689
0.01875	0.02875	0.023097
0.02125	0.02875	0.0239592
0.02375	0.02875	0.0247903
0.02625	0.02875	0.0255971
0.02875	0.02875	0.0263727
0.03125	0.02875	0.0271042
0.03375	0.02875	0.0277778
0.03625	0.02875	0.028381
0.03875	0.02875	0.028903
0.04125	0.02875	0.0293348
0.04375	0.02875	0.0296695
0.04625	0.02875	0.0299021
0.04875	0.02875	0.0300291
0.05125	0.02875	0.0300487
0.05375	0.02875	0.0299608
0.05625	0.02875	0.0297665
0.05875	0.02875	0.0294689
0.06125	0.02875	0.0290727
0.06375	0.02875	0.0285844
0.06625	0.02875	0.0280126
0.06875	0.02875	0.027368
0.07125	0.02875	0.0266628
0.07375	0.02875	0.0259104
0.07625	0.02875	0.0251229
0.07875	0.02875	0.0243069
0.08125	0.02875	0.0234545
0.08375	0.02875	0.0225291
0.08625	0.02875	0.0214437
0.08875	0.02875	0.0200349
0.09125	0.02875	0.0180409
0.09375	0.02875	0.0151024
0.09625	0.02875	0.0108075
0.09875	0.02875	0.00463923
0.00125	0.03125	0.00516254
0.00375	0.03125	0.0120251
0.00625	0.03125	0.016787
0.00875	0.03125	0.0200069
0.01125	0.03125	0.0221402
0.01375	0.03125	0.0235926
0.01625	0.03125	0.0246644
0.01875	0.03125	0.0255464
0.02125	0.03125	0.0263424
0.02375	0.03125	0.0270993
0.02625	0.03125	0.0278294
0.02875	0.03125	0.0285313
0.03125	0.03125	0.0291944
0.03375	0.03125	0.0298068
0.03625	0.03125	0.0303568
0.03875	0.03125	0.0308343
0.04125	0.03125	0.0312308
0.04375	0.03125	0.0315397
0.04625	0.03125	0.0317561
0.04875	0.03125	0.0318767
0.05125	0.03125	0.0318997
0.05375	0.03125	0.0318249
0.05625	0.03125	0.0316535
0.05875	0.03125	0.0313884
0.06125	0.03125	0.0310338
0.06375	0.03125	0.0305961
0.06625	0.03125	0.0300834
0.06875	0.03125	0.0295054
0.07125	0.03125	0.0288735
0.07375	0.03125	0.0281992
0.07625	0.03125	0.027492
0.07875	0.03125	0.0267538
0.08125	0.03125	0.0259696
0.08375	0.03125	0.0250908
0.08625	0.03125	0.0240124
0.08875	0.03125	0.0225434
0.09125	0.03125	0.0203837
0.09375	0.03125	0.017124
0.09625	0.03125	0.0122958
0.09875	0.03125	0.00530075
0.00125	0.03375	0.00584828
0.00375	0.03375	0.0135762
0.00625	0.03375	0.0189022
0.00875	0.03375	0.0224648
0.01125	0.03375	0.024778
0.01375	0.03375	0.0263004
0.01625	0.03375	0.027373
0.01875	0.03375	0.0282149
0.02125	0.03375	0.0289489
0.02375	0.03375	0.0296337
0.02625	0.03375	0.0302879
0.02875	0.03375	0.0309154
0.03125	0.03375	0.0315088
0.03375	0.03375	0.0320579
0.03625	0.03375	0.0325525
0.03875	0.03375	0.0329833
0.04125	0.03375	0.0333427
0.04375	0.03375	0.0336244
0.04625	0.03375	0.0338239
0.04875	0.03375	0.033938
0.05125	0.03375	0.0339651
0.05375	0.03375	0.0339049
0.05625	0.03375	0.0337584
0.05875	0.03375	0.0335282
0.06125	0.03375	0.0332184
0.06375	0.03375	0.0328347
0.06625	0.03375	0.0323843
0.06875	0.03375	0.031876
0.07125	0.03375	0.0313198
0.07375	0.03375	0.0307251
0.07625	0.03375	0.0300983
0.07875	0.03375	0.0294364
0.08125	0.03375	0.0287168
0.08375	0.03375	0.0278788
0.08625	0.03375	0.0267984
0.08875	0.03375	0.0252561
0.09125	0.03375	0.0229114
0.09375	0.03375	0.0193018
0.09625	0.03375	0.0138977
0.09875	0.03375	0.00601276
0.00125	0.03625	0.00658692
0.00375	0.03625	0.0152476
0.00625	0.03625	0.0211831
0.00875	0.03625	0.0251182
0.01125	0.03625	0.0276303
0.01375	0.03625	0.0292343
0.01625	0.03625	0.0303148
0.01875	0.03625	0.0311212
0.02125	0.03625	0.0317955
0.02375	0.03625	0.0324087
0.02625	0.03625	0.0329869
0.02875	0.03625	0.0335385
0.03125	0.03625	0.0340598
0.03375	0.03625	0.0345431
0.03625	0.03625	0.0349796
0.03875	0.03625	0.0353613
0.04125	0.03625	0.0356814
0.04375	0.03625	0.0359344
0.04625	0.03625	0.0361162
0.04875	0.03625	0.0362238
0.05125	0.03625	0.0362557
0.05375	0.03625	0.0362116
0.05625	0.03625	0.0360924
0.05875	0.03625	0.0359003
0.06125	0.03625	0.0356388
0.06375	0.03625	0.0353129
0.06625	0.03625	0.0349288
0.06875	0.03625	0.0344942
0.07125	0.03625	0.0340171
0.07375	0.03625	0.0335047
0.07625	0.03625	0.0329598
0.07875	0.03625	0.0323745
0.08125	0.03625	0.0317178
0.08375	0.03625	0.0309165
0.08625	0.03625	0.0298266
0.08875	0.03625	0.0281989
0.09125	0.03625	0.0256493
0.09375	0.03625	0.0216585
0.09625	0.03625	0.0156307
0.09875	0.03625	0.00678342
0.00125	0.03875	0.0073865
0.00375	0.03875	0.017057
0.00625	0.03875	0.0236533
0.00875	0.03875	0.0279936
0.01125	0.03875	0.0307239
0.01375	0.03875	0.0324203
0.01625	0.03875	0.0335144
0.01875	0.03875	0.0342874
0.02125	0.03875	0.0349023
0.02375	0.03875	0.0354426
0.02625	0.03875	0.0359429
0.02875	0.03875	0.0364152
0.03125	0.03875	0.036861
0.03375	0.03875	0.0372746
0.03625	0.03875	0.0376494
0.03875	0.03875	0.0379789
0.04125	0.03875	0.0382572
0.04375	0.03875	0.0384796
0.04625	0.03875	0.0386426
0.04875	0.03875	0.0387437
0.05125	0.03875	0.0387814
0.05375	0.03875	0.0387554
0.05625	0.03875	0.0386663
0.05875	0.03875	0.0385159
0.06125	0.03875	0.0383071
0.06375	0.03875	0.0380439
0.06625	0.03875	0.0377314
0.06875	0.03875	0.0373757
0.07125	0.03875	0.0369829
0.07375	0.03875	0.0365574
0.07625	0.03875	0.0360982
0.07875	0.03875	0.0355917
0.08125	0.03875	0.0349984
0.08375	0.03875	0.0342318
0.08625	0.03875	0.0331268
0.08875	0.03875	0.031402
0.09125	0.03875	0.0286271
0.09375	0.03875	0.0242206
0.09625	0.03875	0.0175148
0.09875	0.03875	0.00762202
0.00125	0.04125	0.00825625
0.00375	0.04125	0.019025
0.00625	0.04125	0.0263403
0.00875	0.04125	0.0311217
0.01125	0.04125	0.0340903
0.01375	0.04125	0.035889
0.01625	0.04125	0.037
0.01875	0.04125	0.0377396
0.02125	0.04125	0.0382927
0.02375	0.04125	0.0387563
0.02625	0.04125	0.039174
0.02875	0.04125	0.0395618
0.03125	0.04125	0.0399264
0.03375	0.04125	0.040265
0.03625	0.04125	0.0405733
0.03875	0.04125	0.0408463
0.04125	0.04125	0.0410794
0.04375	0.04125	0.0412689
0.04625	0.04125	0.041412
0.04875	0.04125	0.0415064
0.05125	0.04125	0.041551
0.05375	0.04125	0.0415454
0.05625	0.04125	0.0414899
0.05875	0.04125	0.0413859
0.06125	0.04125	0.0412353
0.06375	0.04125	0.0410412
0.06625	0.04125	0.0408074
0.06875	0.04125	0.040538
0.07125	0.04125	0.0402368
0.07375	0.04125	0.0399053
0.07625	0.04125	0.0395382
0.07875	0.04125	0.0391158
0.08125	0.04125	0.0385895
0.08375	0.04125	0.0378582
0.08625	0.04125	0.0367342
0.08875	0.04125	0.0349015
0.09125	0.04125	0.0318795
0.09375	0.04125	0.0270192
0.09625	0.04125	0.0195737
0.09875	0.04125	0.00853938
0.00125	0.04375	0.00920692
0.00375	0.04375	0.0211756
0.00625	0.04375	0.0292759
0.00875	0.04375	0.0345384
0.01125	0.04375	0.0377663
0.01375	0.04375	0.0396759
0.01625	0.04375	0.0408051
0.01875	0.04375	0.0415078
0.02125	0.04375	0.0419933
0.02375	0.04375	0.0423732
0.02625	0.04375	0.0427006
0.02875	0.04375	0.0429956
0.03125	0.04375	0.0432709
0.03375	0.04375	0.0435272
0.03625	0.04375	0.0437622
0.03875	0.04375	0.0439731
0.04125	0.04375	0.0441566
0.04375	0.04375	0.0443102
0.04625	0.04375	0.0444316
0.04875	0.04375	0.0445192
0.05125	0.04375	0.0445721
0.05375	0.04375	0.0445898
0.05625	0.04375	0.0445723
0.05875	0.04375	0.0445204
0.06125	0.04375	0.0444352
0.06375	0.04375	0.0443185
0.06625	0.04375	0.0441726
0.06875	0.04375	0.0439995
0.07125	0.04375	0.0438005
0.07375	0.04375	0.0435735
0.07625	0.04375	0.0433087
0.07875	0.04375	0.0429795
0.08125	0.04375	0.0425271
0.08375	0.04375	0.0418349
0.08625	0.04375	0.0406904
0.08875	0.04375	0.03874
0.09125	0.04375	0.0354477
0.09375	0.04375	0.0300908
0.09625	0.04375	0.021835
0.09875	0.04375	0.00954828
0.00125	0.04625	0.0102512
0.00375	0.04625	0.0235371
0.00625	0.04625	0.0324982
0.00875	0.04625	0.0382862
0.01125	0.04625	0.0417954
0.01375	0.04625	0.0438228
0.01625	0.04625	0.044968
0.01875	0.04625	0.0456267
0.02125	0.04625	0.0460346
0.02375	0.04625	0.0463195
0.02625	0.04625	0.0465446
0.02875	0.04625	0.0467349
0.03125	0.04625	0.0469098
0.03375	0.04625	0.0470733
0.03625	0.04625	0.0472262
0.03875	0.04625	0.0473676
0.04125	0.04625	0.0474958
0.04375	0.04625	0.0476094
0.04625	0.04625	0.0477071
0.04875	0.04625	0.0477877
0.05125	0.04625	0.0478504
0.05375	0.04625	0.0478949
0.05625	0.04625	0.0479209
0.05875	0.04625	0.0479284
0.06125	0.04625	0.0479177
0.06375	0.04625	0.0478893
0.06625	0.04625	0.0478435
0.06875	0.04625	0.0477803
0.07125	0.04625	0.0476979
0.07375	0.04625	0.0475903
0.07625	0.04625	0.0474424
0.07875	0.04625	0.0472202
0.08125	0.04625	0.0468536
0.08375	0.04625	0.0462084
0.08625	0.04625	0.0450451
0.08875	0.04625	0.0429683
0.09125	0.04625	0.0393813
0.09375	0.04625	0.0334797
0.09625	0.04625	0.0243323
0.09875	0.04625	0.0106641
0.00125	0.04875	0.0114046
0.00375	0.04875	0.0261439
0.00625	0.04875	0.0360527
0.00875	0.04875	0.0424161
0.01125	0.04875	0.0462289
0.01375	0.04875	0.0483788
0.01625	0.04875	0.0495336
0.01875	0.04875	0.0501359
0.02125	0.04875	0.0504506
0.02375	0.04875	0.0506238
0.02625	0.04875	0.0507295
0.02875	0.04875	0.0507985
0.03125	0.04875	0.0508576
0.03375	0.04875	0.0509148
0.03625	0.04875	0.0509738
0.03875	0.04875	0.051036
0.04125	0.04875	0.0511015
0.04375	0.04875	0.0511701
0.04625	0.04875	0.0512411
0.04875	0.04875	0.0513142
0.05125	0.04875	0.0513889
0.05375	0.04875	0.0514645
0.05625	0.04875	0.0515407
0.05875	0.04875	0.0516168
0.06125	0.04875	0.0516922
0.06375	0.04875	0.0517658
0.06625	0.04875	0.0518362
0.06875	0.04875	0.0519007
0.07125	0.04875	0.0519543
0.07375	0.04875	0.0519867
0.07625	0.04875	0.0519766
0.07875	0.04875	0.0518814
0.08125	0.04875	0.0516185
0.08375	0.04875	0.0510339
0.08625	0.04875	0.0498576
0.08875	0.04875	0.0476478
0.09125	0.04875	0.0437402
0.09375	0.04875	0.0372395
0.09625	0.04875	0.0271065
0.09875	0.04875	0.0119056
0.00125	0.05125	0.0126857
0.00375	0.05125	0.0290382
0.00625	0.05125	0.0399953
0.00875	0.05125	0.0469895
0.01125	0.05125	0.0511286
0.01375	0.05125	0.0534016
0.01625	0.05125	0.0545537
0.01875	0.05125	0.0550802
0.02125	0.05125	0.0552791
0.02375	0.05125	0.0553168
0.02625	0.05125	0.0552795
0.02875	0.05125	0.0552047
0.03125	0.05125	0.0551276
0.03375	0.05125	0.0550606
0.03625	0.05125	0.0550106
0.03875	0.05125	0.0549814
0.04125	0.05125	0.0549748
0.04375	0.05125	0.0549917
0.04625	0.05125	0.0550326
0.04875	0.05125	0.0550975
0.05125	0.05125	0.0551863
0.05375	0.05125	0.0552984
0.05625	0.05125	0.055433
0.05875	0.05125	0.0555891
0.06125	0.05125	0.055765
0.06375	0.05125	0.0559582
0.06625	0.05125	0.0561653
0.06875	0.05125	0.056381
0.07125	0.05125	0.0565964
0.07375	0.05125	0.0567963
0.07625	0.05125	0.0569527
0.07875	0.05125	0.057013
0.08125	0.05125	0.0568799
0.08375	0.05125	0.0563769
0.08625	0.05125	0.0551995
0.08875	0.05125	0.0528534
0.09125	0.05125	0.0485984
0.09375	0.05125	0.041437
0.09625	0.05125	0.0302086
0.09875	0.05125	0.0132966
0.00125	0.05375	0.0141185
0.00375	0.05375	0.0322723
0.00625	0.05375	0.0443949
0.00875	0.05375	0.0520819
0.01125	0.05375	0.0565688
0.01375	0.05375	0.0589598
0.01625	0.05375	0.0600886
0.01875	0.05375	0.0605104
0.02125	0.05375	0.0605614
0.02375	0.05375	0.0604307
0.02625	0.05375	0.0602182
0.02875	0.05375	0.0599699
0.03125	0.05375	0.0597302
0.03375	0.05375	0.059516
0.03625	0.05375	0.0593379
0.03875	0.05375	0.0592018
0.04125	0.05375	0.0591112
0.04375	0.05375	0.0590684
0.04625	0.05375	0.0590745
0.04875	0.05375	0.0591303
0.05125	0.05375	0.0592357
0.05375	0.05375	0.0593905
0.05625	0.05375	0.0595937
0.05875	0.05375	0.0598436
0.06125	0.05375	0.0601378
0.06375	0.05375	0.0604726
0.06625	0.05375	0.0608425
0.06875	0.05375	0.0612394
0.07125	0.05375	0.0616504
0.07375	0.05375	0.0620547
0.07625	0.05375	0.0624164
0.07875	0.05375	0.0626716
0.08125	0.05375	0.0627055
0.08375	0.05375	0.0623158
0.08625	0.05375	0.0611579
0.08875	0.05375	0.0586776
0.09125	0.05375	0.0540483
0.09375	0.05375	0.0461566
0.09625	0.05375	0.0337039
0.09875	0.05375	0.0148674
0.00125	0.05625	0.0157332
0.00375	0.05625	0.0359135
0.00625	0.05625	0.0493386
0.00875	0.05625	0.0577872
0.01125	0.05625	0.0626403
0.01375	0.05625	0.0651352
0.01625	0.05625	0.0662079
0.01875	0.05625	0.0664832
0.02125	0.05625	0.0663411
0.02375	0.05625	0.0659976
0.02625	0.05625	0.0655671
0.02875	0.05625	0.0651066
0.03125	0.05625	0.0646702
0.03375	0.05625	0.06428
0.03625	0.05625	0.0639498
0.03875	0.05625	0.0636876
0.04125	0.05625	0.0634987
0.04375	0.05625	0.063386
0.04625	0.05625	0.0633516
0.04875	0.05625	0.0633967
0.05125	0.05625	0.0635217
0.05375	0.05625	0.0637264
0.05625	0.05625	0.0640099
0.05875	0.05625	0.0643704
0.06125	0.05625	0.0648047
0.06375	0.05625	0.0653082
0.06625	0.05625	0.0658735
0.06875	0.05625	0.0664897
0.07125	0.05625	0.0671399
0.07375	0.05625	0.0677971
0.07625	0.05625	0.0684164
0.07875	0.05625	0.0689203
0.08125	0.05625	0.0691739
0.08375	0.05625	0.068944
0.08625	0.05625	0.0678393
0.08875	0.05625	0.0652359
0.09125	0.05625	0.0602072
0.09375	0.05625	0.0515066
0.09625	0.05625	0.0376769
0.09875	0.05625	0.0166581
0.00125	0.05875	0.0175701
0.00375	0.05875	0.0400488
0.00625	0.05875	0.0549379
0.00875	0.05875	0.0642228
0.01125	0.05875	0.0694538
0.01375	0.05875	0.0720243
0.01625	0.05875	0.0729908
0.01875	0.05875	0.0730598
0.02125	0.05875	0.0726627
0.02375	0.05875	0.0720467
0.02625	0.05875	0.0713416
0.02875	0.05875	0.0706193
0.03125	0.05875	0.0699435
0.03375	0.05875	0.0693413
0.03625	0.05875	0.0688295
0.03875	0.05875	0.0684181
0.04125	0.05875	0.0681131
0.04375	0.05875	0.0679184
0.04625	0.05875	0.0678364
0.04875	0.05875	0.0678687
0.05125	0.05875	0.0680161
0.05375	0.05875	0.0682788
0.05625	0.05875	0.0686562
0.05875	0.05875	0.0691467
0.06125	0.05875	0.069747
0.06375	0.05875	0.0704518
0.06625	0.05875	0.0712527
0.06875	0.05875	0.0721362
0.07125	0.05875	0.0730814
0.07375	0.05875	0.0740547
0.07625	0.05875	0.075001
0.07875	0.05875	0.0758272
0.08125	0.05875	0.0763743
0.08375	0.05875	0.0763722
0.08625	0.05875	0.075374
0.08875	0.05875	0.072673
0.09125	0.05875	0.0672256
0.09375	0.05875	0.0576291
0.09625	0.05875	0.0422407
0.09875	0.05875	0.0187231
0.00125	0.06125	0.0196834
0.00375	0.06125	0.0447937
0.00625	0.06125	0.0613375
0.00875	0.06125	0.0715373
0.01125	0.06125	0.0771449
0.01375	0.06125	0.0797407
0.01625	0.06125	0.0805253
0.01875	0.06125	0.0803033
0.02125	0.06125	0.0795665
0.02375	0.06125	0.0785985
0.02625	0.06125	0.0775453
0.02875	0.06125	0.0764982
0.03125	0.06125	0.0755298
0.03375	0.06125	0.0746717
0.03625	0.06125	0.0739428
0.03875	0.06125	0.0733541
0.04125	0.06125	0.072912
0.04375	0.06125	0.0726204
0.04625	0.06125	0.0724819
0.04875	0.06125	0.0724982
0.05125	0.06125	0.0726707
0.05375	0.06125	0.073
0.05625	0.06125	0.0734863
0.05875	0.06125	0.0741287
0.06125	0.06125	0.0749249
0.06375	0.06125	0.0758698
0.06625	0.06125	0.0769546
0.06875	0.06125	0.0781645
0.07125	0.06125	0.0794749
0.07375	0.06125	0.0808458
0.07625	0.06125	0.0822111
0.07875	0.06125	0.0834595
0.08125	0.06125	0.0844033
0.08375	0.06125	0.0847281
0.08625	0.06125	0.0839192
0.08875	0.06125	0.0811706
0.09125	0.06125	0.075298
0.09375	0.06125	0.0647121
0.09625	0.06125	0.0475486
0.09875	0.06125	0.0211382
0.00125	0.06375	0.0221488
0.00375	0.06375	0.0503041
0.00625	0.06375	0.0687271
0.00875	0.06375	0.0799189
0.01125	0.06375	0.0858776
0.01375	0.06375	0.0884134
0.01625	0.06375	0.0889036
0.01875	0.06375	0.0882707
0.02125	0.06375	0.087079
0.02375	0.06375	0.0856538
0.02625	0.06375	0.0841578
0.02875	0.06375	0.0827072
0.03125	0.06375	0.0813809
0.03375	0.06375	0.0802139
0.03625	0.06375	0.0792257
0.03875	0.06375	0.0784267
0.04125	0.06375	0.0778225
0.04375	0.06375	0.0774162
0.04625	0.06375	0.0772101
0.04875	0.06375	0.0772057
0.05125	0.06375	0.0774047
0.05375	0.06375	0.0778088
0.05625	0.06375	0.0784196
0.05875	0.06375	0.0792379
0.06125	0.06375	0.0802632
0.06375	0.06375	0.0814923
0.06625	0.06375	0.0829179
0.06875	0.06375	0.0845251
0.07125	0.06375	0.0862877
0.07375	0.06375	0.08816
0.07625	0.06375	0.0900646
0.07875	0.06375	0.0918701
0.08125	0.06375	0.093355
0.08375	0.06375	0.0941508
0.08625	0.06375	0.0936599
0.08875	0.06375	0.0909541
0.09125	0.06375	0.0846759
0.09375	0.06375	0.0730079
0.09625	0.06375	0.0538123
0.09875	0.06375	0.0240123
0.00125	0.06625	0.0250743
0.00375	0.06625	0.0567935
0.00625	0.06625	0.0773563
0.00875	0.06625	0.0896032
0.01125	0.06625	0.0958443
0.01375	0.06625	0.0981803
0.01625	0.06625	0.0982087
0.01875	0.06625	0.0969969
0.02125	0.06625	0.0951946
0.02375	0.06625	0.093174
0.02625	0.06625	0.0911133
0.02875	0.06625	0.0891624
0.03125	0.06625	0.0873997
0.03375	0.06625	0.085861
0.03625	0.06625	0.0845638
0.03875	0.06625	0.083516
0.04125	0.06625	0.0827204
0.04375	0.06625	0.0821783
0.04625	0.06625	0.0818904
0.04875	0.06625	0.0818579
0.05125	0.06625	0.0820829
0.05375	0.06625	0.0825684
0.05625	0.06625	0.0833182
0.05875	0.06625	0.084336
0.06125	0.06625	0.0856251
0.06375	0.06625	0.0871865
0.06625	0.06625	0.0890167
0.06875	0.06625	0.0911042
0.07125	0.06625	0.0934238
0.07375	0.06625	0.095927
0.07625	0.06625	0.0985265
0.07875	0.06625	0.10107
0.08125	0.06625	0.103297
0.08375	0.06625	0.104773
0.08625	0.06625	0.1048
0.08875	0.06625	0.102293
0.09125	0.06625	0.0956803
0.09375	0.06625	0.0828537
0.09625	0.06625	0.061328
0.09875	0.06625	0.0275049
0.00125	0.06875	0.0286175
0.00375	0.06875	0.064557
0.00625	0.06875	0.0875521
0.00875	0.06875	0.100878
0.01125	0.06875	0.107257
0.01375	0.06875	0.109167
0.01625	0.06875	0.108486
0.01875	0.06875	0.10646
0.02125	0.06875	0.103839
0.02375	0.06875	0.10104
0.02625	0.06875	0.0982633
0.02875	0.06875	0.0956945
0.03125	0.06875	0.0934025
0.03375	0.06875	0.0914193
0.03625	0.06875	0.0897563
0.03875	0.06875	0.0884153
0.04125	0.06875	0.0873945
0.04375	0.06875	0.086691
0.04625	0.06875	0.0863033
0.04875	0.06875	0.0862315
0.05125	0.06875	0.0864779
0.05375	0.06875	0.0870474
0.05625	0.06875	0.0879468
0.05875	0.06875	0.0891847
0.06125	0.06875	0.0907703
0.06375	0.06875	0.0927118
0.06625	0.06875	0.0950139
0.06875	0.06875	0.0976732
0.07125	0.06875	0.100671
0.07375	0.06875	0.103962
0.07625	0.06875	0.107453
0.07875	0.06875	0.110972
0.08125	0.06875	0.114218
0.08375	0.06875	0.116679
0.08625	0.06875	0.117529
0.08875	0.06875	0.11549
0.09125	0.06875	0.108706
0.09375	0.06875	0.0946953
0.09625	0.06875	0.0705095
0.09875	0.06875	0.0318531
0.00125	0.07125	0.033012
0.00375	0.07125	0.0740008
0.00625	0.07125	0.0997323
0.00875	0.07125	0.114073
0.01125	0.07125	0.120314
0.01375	0.07125	0.121439
0.01625	0.07125	0.119686
0.01875	0.07125	0.116516
0.02125	0.07125	0.112796
0.02375	0.07125	0.108976
0.02625	0.07125	0.105311
0.02875	0.07125	0.101985
0.03125	0.07125	0.0990569
0.03375	0.07125	0.0965469
0.03625	0.07125	0.0944542
0.03875	0.07125	0.0927705
0.04125	0.07125	0.0914856
0.04375	0.07125	0.0905907
0.04625	0.07125	0.0900801
0.04875	0.07125	0.089952
0.05125	0.07125	0.0902088
0.05375	0.07125	0.0908575
0.05625	0.07125	0.0919092
0.05875	0.07125	0.0933791
0.06125	0.07125	0.0952855
0.06375	0.07125	0.097648
0.06625	0.07125	0.100485
0.06875	0.07125	0.103808
0.07125	0.07125	0.107615
0.07375	0.07125	0.111872
0.07625	0.07125	0.116493
0.07875	0.07125	0.121294
0.08125	0.07125	0.125934
0.08375	0.07125	0.129814
0.08625	0.07125	0.131953
0.08875	0.07125	0.130824
0.09125	0.07125	0.124203
0.09375	0.07125	0.109101
0.09625	0.07125	0.0819298
0.09875	0.07125	0.0374118
0.00125	0.07375	0.0386062
0.00375	0.07375	0.0856761
0.00625	0.07375	0.114404
0.00875	0.07375	0.129517
0.01125	0.07375	0.135125
0.01375	0.07375	0.134902
0.01625	0.07375	0.13155
0.01875	0.07375	0.12679
0.02125	0.07375	0.121606
0.02375	0.07375	0.116471
0.02625	0.07375	0.111707
0.02875	0.07375	0.107466
0.03125	0.07375	0.103784
0.03375	0.07375	0.100657
0.03625	0.07375	0.0980665
0.03875	0.07375	0.0959863
0.04125	0.07375	0.0943944
0.04375	0.07375	0.0932728
0.04625	0.07375	0.09261
0.04875	0.07375	0.0924009
0.05125	0.07375	0.0926476
0.05375	0.07375	0.0933592
0.05625	0.07375	0.0945522
0.05875	0.07375	0.0962504
0.06125	0.07375	0.0984843
0.06375	0.07375	0.10129
0.06625	0.07375	0.104707
0.06875	0.07375	0.108772
0.07125	0.07375	0.113512
0.07375	0.07375	0.118923
0.07625	0.07375	0.124944
0.07875	0.07375	0.131398
0.08125	0.07375	0.137919
0.08375	0.07375	0.143822
0.08625	0.07375	0.147943
0.08875	0.07375	0.148441
0.09125	0.07375	0.142605
0.09375	0.07375	0.126746
0.09625	0.07375	0.0963583
0.09875	0.07375	0.0447091
0.00125	0.07625	0.045916
0.00375	0.07625	0.100302
0.00625	0.07625	0.132114
0.00875	0.07625	0.147421
0.01125	0.07625	0.151548
0.01375	0.07625	0.149122
0.01625	0.07625	0.143433
0.01875	0.07625	0.136493
0.02125	0.07625	0.129376
0.02375	0.07625	0.122593
0.02625	0.07625	0.116499
0.02875	0.07625	0.111175
0.03125	0.07625	0.106618
0.03375	0.07625	0.102785
0.03625	0.07625	0.0996264
0.03875	0.07625	0.0970948
0.04125	0.07625	0.0951503
0.04375	0.07625	0.0937626
0.04625	0.07625	0.0929116
0.04875	0.07625	0.0925876
0.05125	0.07625	0.0927911
0.05375	0.07625	0.0935333
0.05625	0.07625	0.0948365
0.05875	0.07625	0.0967346
0.06125	0.07625	0.0992734
0.06375	0.07625	0.102511
0.06625	0.07625	0.106515
0.06875	0.07625	0.111361
0.07125	0.07625	0.117123
0.07375	0.07625	0.123852
0.07625	0.07625	0.131542
0.07875	0.07625	0.140064
0.08125	0.07625	0.149061
0.08375	0.07625	0.157783
0.08625	0.07625	0.164874
0.08875	0.07625	0.168114
0.09125	0.07625	0.16415
0.09375	0.07625	0.148323
0.09625	0.07625	0.114772
0.09875	0.07625	0.0545173
0.00125	0.07875	0.0556891
0.00375	0.07875	0.118744
0.00625	0.07875	0.153306
0.00875	0.07875	0.16764
0.01125	0.07875	0.168909
0.01375	0.07875	0.16304
0.01625	0.07875	0.154026
0.01875	0.07875	0.144169
0.02125	0.07875	0.134566
0.02375	0.07875	0.12581
0.02625	0.07875	0.118152
0.02875	0.07875	0.111587
0.03125	0.07875	0.106042
0.03375	0.07875	0.10142
0.03625	0.07875	0.0976312
0.03875	0.07875	0.0945964
0.04125	0.07875	0.0922541
0.04375	0.07875	0.0905579
0.04625	0.07875	0.0894767
0.04875	0.07875	0.0889938
0.05125	0.07875	0.0891069
0.05375	0.07875	0.0898283
0.05625	0.07875	0.0911855
0.05875	0.07875	0.093223
0.06125	0.07875	0.0960038
0.06375	0.07875	0.0996113
0.06625	0.07875	0.104151
0.06875	0.07875	0.109748
0.07125	0.07875	0.116545
0.07375	0.07875	0.12468
0.07625	0.07875	0.134251
0.07875	0.07875	0.145237
0.08125	0.07875	0.157359
0.08375	0.07875	0.169869
0.08625	0.07875	0.181251
0.08875	0.07875	0.18886
0.09125	0.07875	0.188543
0.09375	0.07875	0.17431
0.09625	0.07875	0.138287
0.09875	0.07875	0.0679297
0.00125	0.08125	0.0689658
0.00375	0.08125	0.141891
0.00625	0.08125	0.177993
0.00875	0.08125	0.189246
0.01125	0.08125	0.185576
0.01375	0.08125	0.174599
0.01625	0.08125	0.161062
0.01875	0.08125	0.147459
0.02125	0.08125	0.134857
0.02375	0.08125	0.123823
0.02625	0.08125	0.114403
0.02875	0.08125	0.106467
0.03125	0.08125	0.0998431
0.03375	0.08125	0.0943653
0.03625	0.08125	0.0898912
0.03875	0.08125	0.0863061
0.04125	0.08125	0.0835213
0.04375	0.08125	0.0814715
0.04625	0.08125	0.0801117
0.04875	0.08125	0.0794163
0.05125	0.08125	0.0793781
0.05375	0.08125	0.0800084
0.05625	0.08125	0.0813386
0.05875	0.08125	0.0834222
0.06125	0.08125	0.0863388
0.06375	0.08125	0.0901986
0.06625	0.08125	0.0951479
0.06875	0.08125	0.101374
0.07125	0.08125	0.109105
0.07375	0.08125	0.118602
0.07625	0.08125	0.130124
0.07875	0.08125	0.143842
0.08125	0.08125	0.159674
0.08375	0.08125	0.177001
0.08625	0.08125	0.194262
0.08875	0.08125	0.208428
0.09125	0.08125	0.214423
0.09375	0.08125	0.204525
0.09625	0.08125	0.167933
0.09875	0.08125	0.0864192
0.00125	0.08375	0.0871048
0.00375	0.08375	0.170322
0.00625	0.08375	0.205168
0.00875	0.08375	0.20992
0.01125	0.08375	0.198479
0.01375	0.08375	0.180431
0.01625	0.08375	0.161133
0.01875	0.08375	0.143039
0.02125	0.08375	0.12709
0.02375	0.08375	0.113566
0.02625	0.08375	0.102255
0.02875	0.08375	0.0928574
0.03125	0.08375	0.0850838
0.03375	0.08375	0.0786865
0.03625	0.08375	0.0734665
0.03875	0.08375	0.0692701
0.04125	0.08375	0.0659806
0.04375	0.08375	0.0635123
0.04625	0.08375	0.0618061
0.04875	0.08375	0.0608265
0.05125	0.08375	0.0605597
0.05375	0.08375	0.061014
0.05625	0.08375	0.0622216
0.05875	0.08375	0.0642414
0.06125	0.08375	0.0671653
0.06375	0.08375	0.0711265
0.06625	0.08375	0.0763097
0.06875	0.08375	0.082965
0.07125	0.08375	0.0914173
0.07375	0.08375	0.102074
0.07625	0.08375	0.115406
0.07875	0.08375	0.13187
0.08125	0.08375	0.151732
0.08375	0.08375	0.174722
0.08625	0.08375	0.19947
0.08875	0.08375	0.222768
0.09125	0.08375	0.238672
0.09375	0.08375	0.237403
0.09625	0.08375	0.204144
0.09875	0.08375	0.11182
0.00125	0.08625	0.111714
0.00375	0.08625	0.203631
0.00625	0.08625	0.23192
0.00875	0.08625	0.225299
0.01125	0.08625	0.202834
0.01375	0.08625	0.175928
0.01625	0.08625	0.150024
0.01875	0.08625	0.127172
0.02125	0.08625	0.107818
0.02375	0.08625	0.091798
0.02625	0.08625	0.0785927
0.02875	0.08625	0.0677036
0.03125	0.08625	0.0587113
0.03375	0.08625	0.0512846
0.03625	0.08625	0.0451685
0.03875	0.08625	0.0401743
0.04125	0.08625	0.0361633
0.04375	0.08625	0.033042
0.04625	0.08625	0.0307536
0.04875	0.08625	0.0292717
0.05125	0.08625	0.0285942
0.05375	0.08625	0.0287385
0.05625	0.08625	0.029739
0.05875	0.08625	0.0316496
0.06125	0.08625	0.0345543
0.06375	0.08625	0.0385849
0.06625	0.08625	0.0439337
0.06875	0.08625	0.0508971
0.07125	0.08625	0.0598777
0.07375	0.08625	0.071422
0.07625	0.08625	0.0862256
0.07875	0.08625	0.105093
0.08125	0.08625	0.128788
0.08375	0.08625	0.15767
0.08625	0.08625	0.190978
0.08875	0.08625	0.225798
0.09125	0.08625	0.255744
0.09375	0.08625	0.269024
0.09625	0.08625	0.245826
0.09875	0.08625	0.146117
0.00125	0.08875	0.144353
0.00375	0.08875	0.239218
0.00625	0.08875	0.252334
0.00875	0.08875	0.228614
0.01125	0.08875	0.192615
0.01375	0.08875	0.156457
0.01625	0.08875	0.124666
0.01875	0.08875	0.0982732
0.02125	0.08875	0.0770183
0.02375	0.08875	0.0601774
0.02625	0.08875	0.047038
0.02875	0.08875	0.0370587
0.03125	0.08875	0.0298679
0.03375	0.08875	0.0251784
0.03625	0.08875	0.0226325
0.03875	0.08875	0.0217051
0.04125	0.08875	0.0217606
0.04375	0.08875	0.0222529
0.04625	0.08875	0.0228048
0.04875	0.08875	0.0231856
0.05125	0.08875	0.0232603
0.05375	0.08875	0.0229511
0.05625	0.08875	0.0222179
0.05875	0.08875	0.0210651
0.06125	0.08875	0.0195754
0.06375	0.08875	0.0180073
0.06625	0.08875	0.0170822
0.06875	0.08875	0.0180691
0.07125	0.08875	0.0225046
0.07375	0.08875	0.0312469
0.07625	0.08875	0.0447305
0.07875	0.08875	0.0636503
0.08125	0.08875	0.0890612
0.08375	0.08875	0.122076
0.08625	0.08875	0.163029
0.08875	0.08875	0.21008
0.09125	0.08875	0.257398
0.09375	0.08875	0.29201
0.09625	0.08875	0.288806
0.09875	0.08875	0.190764
0.00125	0.09125	0.185849
0.00375	0.09125	0.270013
0.00625	0.09125	0.256249
0.00875	0.09125	0.211941
0.01125	0.09125	0.164648
0.01375	0.09125	0.125114
0.01625	0.09125	0.0963615
0.01875	0.09125	0.0788216
0.02125	0.09125	0.0711775
0.02375	0.09125	0.0704847
0.02625	0.09125	0.0735574
0.02875	0.09125	0.0781338
0.03125	0.09125	0.0829925
0.03375	0.09125	0.0875685
0.03625	0.09125	0.0916308
0.03875	0.09125	0.0951051
0.04125	0.09125	0.0979882
0.04375	0.09125	0.100299
0.04625	0.09125	0.102063
0.04875	0.09125	0.103301
0.05125	0.09125	0.104023
0.05375	0.09125	0.104228
0.05625	0.09125	0.103899
0.05875	0.09125	0.102994
0.06125	0.09125	0.101448
0.06375	0.09125	0.0991727
0.06625	0.09125	0.0959887
0.06875	0.09125	0.0917833
0.07125	0.09125	0.0864263
0.07375	0.09125	0.0799066
0.07625	0.09125	0.072725
0.07875	0.09125	0.0669648
0.08125	0.09125	0.0683433
0.08375	0.09125	0.0848332
0.08625	0.09125	0.120101
0.08875	0.09125	0.171852
0.09125	0.09125	0.234422
0.09375	0.09125	0.29475
0.09625	0.09125	0.323382
0.09875	0.09125	0.244926
0.00125	0.09375	0.231055
0.00375	0.09375	0.280725
0.00625	0.09375	0.231906
0.00875	0.09375	0.176752
0.01125	0.09375	0.143934
0.01375	0.09375	0.135893
0.01625	0.09375	0.142729
0.01875	0.09375	0.154932
0.02125	0.09375	0.167712
0.02375	0.09375	0.179344
0.02625	0.09375	0.18938
0.02875	0.09375	0.197842
0.03125	0.09375	0.204903
0.03375	0.09375	0.210758
0.03625	0.09375	0.21559
0.03875	0.09375	0.219551
0.04125	0.09375	0.222766
0.04375	0.09375	0.225332
0.04625	0.09375	0.227322
0.04875	0.09375	0.228791
0.05125	0.09375	0.229771
0.05375	0.09375	0.230279
0.05625	0.09375	0.230315
0.05875	0.09375	0.229853
0.06125	0.09375	0.228847
0.06375	0.09375	0.227222
0.06625	0.09375	0.224853
0.06875	0.09375	0.221567
0.07125	0.09375	0.217102
0.07375	0.09375	0.211074
0.07625	0.09375	0.202928
0.07875	0.09375	0.191947
0.08125	0.09375	0.177252
0.08375	0.09375	0.159086
0.08625	0.09375	0.143063
0.08875	0.09375	0.146766
0.09125	0.09375	0.190964
0.09375	0.09375	0.266008
0.09625	0.09375	0.332285
0.09875	0.09375	0.302206
0.00125	0.09625	0.281612
0.00375	0.09625	0.249635
0.00625	0.09625	0.20714
0.00875	0.09625	0.226382
0.01125	0.09625	0.265225
0.01375	0.09625	0.301918
0.01625	0.09625	0.332069
0.01875	0.09625	0.355944
0.02125	0.09625	0.374706
0.02375	0.09625	0.389488
0.02625	0.09625	0.401205
0.02875	0.09625	0.410555
0.03125	0.09625	0.418063
0.03375	0.09625	0.424125
0.03625	0.09625	0.429036
0.03875	0.09625	0.433017
0.04125	0.09625	0.436234
0.04375	0.09625	0.438811
0.04625	0.09625	0.44084
0.04875	0.09625	0.442389
0.05125	0.09625	0.443502
0.05375	0.09625	0.444208
0.05625	0.09625	0.444518
0.05875	0.09625	0.444424
0.06125	0.09625	0.443899
0.06375	0.09625	0.442892
0.06625	0.09625	0.441315
0.06875	0.09625	0.439026
0.07125	0.09625	0.435807
0.07375	0.09625	0.431315
0.07625	0.09625	0.425022
0.07875	0.09625	0.416118
0.08125	0.09625	0.403302
0.08375	0.09625	0.384558
0.08625	0.09625	0.357071
0.08875	0.09625	0.317848
0.09125	0.09625	0.268283
0.09375	0.09625	0.242452
0.09625	0.09625	0.290092
0.09875	0.09625	0.350884
0.00125	0.09875	0.297144
0.00375	0.09875	0.368688
0.00625	0.09875	0.509973
0.00875	0.09875	0.60788
0.01125	0.09875	0.676335
0.01375	0.09875	0.725373
0.01625	0.09875	0.761208
0.01875	0.09875	0.787822
0.02125	0.09875	0.807877
0.02375	0.09875	0.823203
0.02625	0.09875	0.835067
0.02875	0.09875	0.84436
0.03125	0.09875	0.851716
0.03375	0.09875	0.857591
0.03625	0.09875	0.862314
0.03875	0.09875	0.866125
0.04125	0.09875	0.869202
0.04375	0.09875	0.871676
0.04625	0.09875	0.873643
0.04875	0.09875	0.875174
0.05125	0.09875	0.876318
0.05375	0.09875	0.877108
0.05625	0.09875	0.877562
0.05875	0.09875	0.877683
0.06125	0.09875	0.877456
0.06375	0.09875	0.876848
0.06625	0.09875	0.875795
0.06875	0.09875	0.874194
0.07125	0.09875	0.871881
0.07375	0.09875	0.868595
0.07625	0.09875	0.863934
0.07875	0.09875	0.857268
0.08125	0.09875	0.847564
0.08375	0.09875	0.833058
0.08625	0.09875	0.810761
0.08875	0.09875	0.775796
0.09125	0.09875	0.718136
0.09375	0.09875	0.627697
0.09625	0.09875	0.455407
0.09875	0.09875	0.420601
