0.00125	0.00125	3.4567e-05
0.00375	0.00125	2.43429e-05
0.00625	0.00125	-0.00017617
0.00875	0.00125	-0.000492852
0.01125	0.00125	-0.000878837
0.01375	0.00125	-0.0012963
0.01625	0.00125	-0.00172157
0.01875	0.00125	-0.00214061
0.02125	0.00125	-0.0025451
0.02375	0.00125	-0.00292984
0.02625	0.00125	-0.00329115
0.02875	0.00125	-0.0036261
0.03125	0.00125	-0.00393216
0.03375	0.00125	-0.00420705
0.03625	0.00125	-0.00444867
0.03875	0.00125	-0.00465516
0.04125	0.00125	-0.00482485
0.04375	0.00125	-0.00495633
0.04625	0.00125	-0.00504845
0.04875	0.00125	-0.00510031
0.05125	0.00125	-0.00511129
0.05375	0.00125	-0.00508106
0.05625	0.00125	-0.00500958
0.05875	0.00125	-0.00489712
0.06125	0.00125	-0.00474426
0.06375	0.00125	-0.00455187
0.06625	0.00125	-0.00432118
0.06875	0.00125	-0.0040537
0.07125	0.00125	-0.00375127
0.07375	0.00125	-0.00341606
0.07625	0.00125	-0.00305062
0.07875	0.00125	-0.00265807
0.08125	0.00125	-0.00224243
0.08375	0.00125	-0.00180948
0.08625	0.00125	-0.00136828
0.08875	0.00125	-0.000933798
0.09125	0.00125	-0.000530766
0.09375	0.00125	-0.00019827
0.09625	0.00125	1.52221e-05
0.09875	0.00125	3.27656e-05
0.00125	0.00375	-3.76865e-05
0.00375	0.00375	-0.000253948
0.00625	0.00375	-0.00078664
0.00875	0.00375	-0.00151097
0.01125	0.00375	-0.0023579
0.01375	0.00375	-0.00326553
0.01625	0.00375	-0.00419084
0.01875	0.00375	-0.00510539
0.02125	0.00375	-0.00599057
0.02375	0.00375	-0.00683377
0.02625	0.00375	-0.00762584
0.02875	0.00375	-0.00835959
0.03125	0.00375	-0.00902903
0.03375	0.00375	-0.00962891
0.03625	0.00375	-0.0101547
0.03875	0.00375	-0.0106022
0.04125	0.00375	-0.0109682
0.04375	0.00375	-0.0112497
0.04625	0.00375	-0.0114443
0.04875	0.00375	-0.0115504
0.05125	0.00375	-0.0115669
0.05375	0.00375	-0.0114932
0.05625	0.00375	-0.0113296
0.05875	0.00375	-0.0110767
0.06125	0.00375	-0.0107361
0.06375	0.00375	-0.0103098
0.06625	0.00375	-0.00980063
0.06875	0.00375	-0.00921211
0.07125	0.00375	-0.00854846
0.07375	0.00375	-0.0078147
0.07625	0.00375	-0.00701689
0.07875	0.00375	-0.0061625
0.08125	0.00375	-0.00526122
0.08375	0.00375	-0.00432647
0.08625	0.00375	-0.00337797
0.08875	0.00375	-0.00244545
0.09125	0.00375	-0.00157336
0.09375	0.00375	-0.000825083
0.09625	0.00375	-0.000271683
0.09875	0.00375	-4.19046e-05
0.00125	0.00625	-0.000104397
0.00375	0.00625	-0.000505636
0.00625	0.00625	-0.00130384
0.00875	0.00625	-0.00232473
0.01125	0.00625	-0.00348769
0.01375	0.00625	-0.00472115
0.01625	0.00625	-0.00597381
0.01875	0.00625	-0.0072104
0.02125	0.00625	-0.00840672
0.02375	0.00625	-0.00954579
0.02625	0.00625	-0.010615
0.02875	0.00625	-0.0116044
0.03125	0.00625	-0.0125058
0.03375	0.00625	-0.0133121
0.03625	0.00625	-0.0140173
0.03875	0.00625	-0.0146162
0.04125	0.00625	-0.0151042
0.04375	0.00625	-0.0154779
0.04625	0.00625	-0.0157342
0.04875	0.00625	-0.0158712
0.05125	0.00625	-0.0158874
0.05375	0.00625	-0.0157826
0.05625	0.00625	-0.0155569
0.05875	0.00625	-0.0152116
0.06125	0.00625	-0.0147486
0.06375	0.00625	-0.0141709
0.06625	0.00625	-0.0134822
0.06875	0.00625	-0.0126873
0.07125	0.00625	-0.0117917
0.07375	0.00625	-0.0108025
0.07625	0.00625	-0.0097278
0.07875	0.00625	-0.00857791
0.08125	0.00625	-0.00736597
0.08375	0.00625	-0.0061098
0.08625	0.00625	-0.00483463
0.08875	0.00625	-0.00357698
0.09125	0.00625	-0.00238933
0.09375	0.00625	-0.00134458
0.09625	0.00625	-0.000525033
0.09875	0.00625	-0.000109167
0.00125	0.00875	-0.000148146
0.00375	0.00875	-0.00067833
0.00625	0.00875	-0.0016712
0.00875	0.00875	-0.00290588
0.01125	0.00875	-0.0042906
0.01375	0.00875	-0.00574711
0.01625	0.00875	-0.00721995
0.01875	0.00875	-0.00867053
0.02125	0.00875	-0.010072
0.02375	0.00875	-0.0114049
0.02625	0.00875	-0.0126548
0.02875	0.00875	-0.0138102
0.03125	0.00875	-0.0148615
0.03375	0.00875	-0.0158006
0.03625	0.00875	-0.0166207
0.03875	0.00875	-0.0173159
0.04125	0.00875	-0.0178812
0.04375	0.00875	-0.0183126
0.04625	0.00875	-0.018607
0.04875	0.00875	-0.0187623
0.05125	0.00875	-0.018777
0.05375	0.00875	-0.0186507
0.05625	0.00875	-0.018384
0.05875	0.00875	-0.0179781
0.06125	0.00875	-0.0174355
0.06375	0.00875	-0.0167594
0.06625	0.00875	-0.0159542
0.06875	0.00875	-0.0150253
0.07125	0.00875	-0.0139792
0.07375	0.00875	-0.012824
0.07625	0.00875	-0.0115691
0.07875	0.00875	-0.0102263
0.08125	0.00875	-0.00881086
0.08375	0.00875	-0.00734275
0.08625	0.00875	-0.00584987
0.08875	0.00875	-0.00437184
0.09125	0.00875	-0.00296512
0.09375	0.00875	-0.00170886
0.09625	0.00875	-0.000696351
0.09875	0.00875	-0.00015256
0.00125	0.01125	-0.000174008
0.00375	0.01125	-0.000787625
0.00625	0.01125	-0.0019168
0.00875	0.01125	-0.00330354
0.01125	0.01125	-0.00484528
0.01375	0.01125	-0.00645778
0.01625	0.01125	-0.00808249
0.01875	0.01125	-0.00967889
0.02125	0.01125	-0.0112187
0.02375	0.01125	-0.0126815
0.02625	0.01125	-0.0140518
0.02875	0.01125	-0.0153171
0.03125	0.01125	-0.0164672
0.03375	0.01125	-0.0174935
0.03625	0.01125	-0.0183886
0.03875	0.01125	-0.0191465
0.04125	0.01125	-0.0197619
0.04375	0.01125	-0.0202306
0.04625	0.01125	-0.0205495
0.04875	0.01125	-0.0207164
0.05125	0.01125	-0.0207298
0.05375	0.01125	-0.0205894
0.05625	0.01125	-0.0202958
0.05875	0.01125	-0.0198503
0.06125	0.01125	-0.0192556
0.06375	0.01125	-0.0185151
0.06625	0.01125	-0.0176334
0.06875	0.01125	-0.0166163
0.07125	0.01125	-0.0154709
0.07375	0.01125	-0.0142055
0.07625	0.01125	-0.0128306
0.07875	0.01125	-0.0113587
0.08125	0.01125	-0.009806
0.08375	0.01125	-0.00819363
0.08625	0.01125	-0.00655083
0.08875	0.01125	-0.00491895
0.09125	0.01125	-0.00335732
0.09375	0.01125	-0.00195094
0.09625	0.01125	-0.000803866
0.09875	0.01125	-0.000177923
0.00125	0.01375	-0.000189184
0.00375	0.01375	-0.000857249
0.00625	0.01375	-0.00208375
0.00875	0.01375	-0.00358294
0.01125	0.01375	-0.00524237
0.01375	0.01375	-0.00697203
0.01625	0.01375	-0.00871021
0.01875	0.01375	-0.0104149
0.02125	0.01375	-0.0120567
0.02375	0.01375	-0.0136145
0.02625	0.01375	-0.0150722
0.02875	0.01375	-0.016417
0.03125	0.01375	-0.0176384
0.03375	0.01375	-0.0187273
0.03625	0.01375	-0.0196762
0.03875	0.01375	-0.020479
0.04125	0.01375	-0.0211302
0.04375	0.01375	-0.0216258
0.04625	0.01375	-0.0219625
0.04875	0.01375	-0.0221381
0.05125	0.01375	-0.0221512
0.05375	0.01375	-0.0220014
0.05625	0.01375	-0.0216893
0.05875	0.01375	-0.0212165
0.06125	0.01375	-0.0205853
0.06375	0.01375	-0.0197995
0.06625	0.01375	-0.0188636
0.06875	0.01375	-0.0177836
0.07125	0.01375	-0.0165667
0.07375	0.01375	-0.0152217
0.07625	0.01375	-0.0137593
0.07875	0.01375	-0.0121925
0.08125	0.01375	-0.0105381
0.08375	0.01375	-0.00881785
0.08625	0.01375	-0.00706204
0.08875	0.01375	-0.00531357
0.09125	0.01375	-0.00363471
0.09375	0.01375	-0.00211643
0.09625	0.01375	-0.000872645
0.09875	0.01375	-0.000192835
0.00125	0.01625	-0.000199284
0.00375	0.01625	-0.000906971
0.00625	0.01625	-0.0022098
0.00875	0.01625	-0.00380068
0.01125	0.01625	-0.00555828
0.01375	0.01625	-0.00738659
0.01625	0.01625	-0.00922096
0.01875	0.01625	-0.0110173
0.02125	0.01625	-0.0127453
0.02375	0.01625	-0.0143831
0.02625	0.01625	-0.0159141
0.02875	0.01625	-0.0173254
0.03125	0.01625	-0.018606
0.03375	0.01625	-0.0197469
0.03625	0.01625	-0.0207406
0.03875	0.01625	-0.0215806
0.04125	0.01625	-0.0222618
0.04375	0.01625	-0.02278
0.04625	0.01625	-0.023132
0.04875	0.01625	-0.0233156
0.05125	0.01625	-0.0233294
0.05375	0.01625	-0.0231731
0.05625	0.01625	-0.0228471
0.05875	0.01625	-0.0223529
0.06125	0.01625	-0.0216929
0.06375	0.01625	-0.0208707
0.06625	0.01625	-0.0198909
0.06875	0.01625	-0.0187594
0.07125	0.01625	-0.0174835
0.07375	0.01625	-0.0160721
0.07625	0.01625	-0.0145361
0.07875	0.01625	-0.0128889
0.08125	0.01625	-0.0111476
0.08375	0.01625	-0.0093348
0.08625	0.01625	-0.00748174
0.08875	0.01625	-0.00563322
0.09125	0.01625	-0.00385491
0.09375	0.01625	-0.00224386
0.09625	0.01625	-0.000922887
0.09875	0.01625	-0.000203023
0.00125	0.01875	-0.000207848
0.00375	0.01875	-0.000950129
0.00625	0.01875	-0.00232185
0.00875	0.01875	-0.00399758
0.01125	0.01875	-0.00584786
0.01375	0.01875	-0.00777049
0.01625	0.01875	-0.00969727
0.01875	0.01875	-0.0115822
0.02125	0.01875	-0.0133936
0.02375	0.01875	-0.0151086
0.02625	0.01875	-0.0167104
0.02875	0.01875	-0.0181855
0.03125	0.01875	-0.019523
0.03375	0.01875	-0.0207138
0.03625	0.01875	-0.0217502
0.03875	0.01875	-0.0226261
0.04125	0.01875	-0.0233361
0.04375	0.01875	-0.0238764
0.04625	0.01875	-0.0242436
0.04875	0.01875	-0.0244357
0.05125	0.01875	-0.0244512
0.05375	0.01875	-0.0242898
0.05625	0.01875	-0.0239518
0.05875	0.01875	-0.0234385
0.06125	0.01875	-0.0227524
0.06375	0.01875	-0.0218967
0.06625	0.01875	-0.0208759
0.06875	0.01875	-0.0196959
0.07125	0.01875	-0.0183639
0.07375	0.01875	-0.0168888
0.07625	0.01875	-0.0152816
0.07875	0.01875	-0.0135561
0.08125	0.01875	-0.0117299
0.08375	0.01875	-0.00982645
0.08625	0.01875	-0.00787827
0.08875	0.01875	-0.00593249
0.09125	0.01875	-0.00405866
0.09375	0.01875	-0.00236009
0.09625	0.01875	-0.000967924
0.09875	0.01875	-0.000212023
0.00125	0.02125	-0.000216854
0.00375	0.02125	-0.000994722
0.00625	0.02125	-0.00243696
0.00875	0.02125	-0.00420023
0.01125	0.02125	-0.00614702
0.01375	0.02125	-0.00816872
0.01625	0.02125	-0.010193
0.01875	0.02125	-0.0121716
0.02125	0.02125	-0.0140711
0.02375	0.02125	-0.015868
0.02625	0.02125	-0.0175446
0.02875	0.02125	-0.0190871
0.03125	0.02125	-0.0204844
0.03375	0.02125	-0.0217275
0.03625	0.02125	-0.0228089
0.03875	0.02125	-0.0237223
0.04125	0.02125	-0.0244627
0.04375	0.02125	-0.0250263
0.04625	0.02125	-0.0254099
0.04875	0.02125	-0.0256114
0.05125	0.02125	-0.0256295
0.05375	0.02125	-0.0254637
0.05625	0.02125	-0.0251142
0.05875	0.02125	-0.0245822
0.06125	0.02125	-0.0238698
0.06375	0.02125	-0.02298
0.06625	0.02125	-0.0219172
0.06875	0.02125	-0.0206869
0.07125	0.02125	-0.0192962
0.07375	0.02125	-0.017754
0.07625	0.02125	-0.0160715
0.07875	0.02125	-0.0142628
0.08125	0.02125	-0.0123459
0.08375	0.02125	-0.0103455
0.08625	0.02125	-0.00829582
0.08875	0.02125	-0.00624674
0.09125	0.02125	-0.00427212
0.09375	0.02125	-0.00248193
0.09625	0.02125	-0.00101563
0.09875	0.02125	-0.000221774
0.00125	0.02375	-0.000227329
0.00375	0.02375	-0.00104525
0.00625	0.02375	-0.00256535
0.00875	0.02375	-0.00442506
0.01125	0.02375	-0.00647832
0.01375	0.02375	-0.00860958
0.01625	0.02375	-0.0107419
0.01875	0.02375	-0.012824
0.02125	0.02375	-0.0148213
0.02375	0.02375	-0.0167086
0.02625	0.02375	-0.0184677
0.02875	0.02375	-0.0200843
0.03125	0.02375	-0.0215474
0.03375	0.02375	-0.0228478
0.03625	0.02375	-0.0239781
0.03875	0.02375	-0.0249325
0.04125	0.02375	-0.025706
0.04375	0.02375	-0.0262951
0.04625	0.02375	-0.0266968
0.04875	0.02375	-0.0269091
0.05125	0.02375	-0.0269306
0.05375	0.02375	-0.0267607
0.05625	0.02375	-0.0263996
0.05875	0.02375	-0.025848
0.06125	0.02375	-0.0251079
0.06375	0.02375	-0.0241818
0.06625	0.02375	-0.0230737
0.06875	0.02375	-0.0217889
0.07125	0.02375	-0.0203341
0.07375	0.02375	-0.0187183
0.07625	0.02375	-0.0169526
0.07875	0.02375	-0.0150514
0.08125	0.02375	-0.0130337
0.08375	0.02375	-0.0109252
0.08625	0.02375	-0.00876231
0.08875	0.02375	-0.00659815
0.09125	0.02375	-0.00451147
0.09375	0.02375	-0.00261942
0.09625	0.02375	-0.0010704
0.09875	0.02375	-0.000233274
0.00125	0.02625	-0.000239801
0.00375	0.02625	-0.00110426
0.00625	0.02625	-0.00271322
0.00875	0.02625	-0.00468238
0.01125	0.02625	-0.00685618
0.01375	0.02625	-0.00911135
0.01625	0.02625	-0.0113657
0.01875	0.02625	-0.0135647
0.02125	0.02625	-0.0156719
0.02375	0.02625	-0.0176604
0.02625	0.02625	-0.0195118
0.02875	0.02625	-0.021211
0.03125	0.02625	-0.0227469
0.03375	0.02625	-0.0241106
0.03625	0.02625	-0.0252949
0.03875	0.02625	-0.0262943
0.04125	0.02625	-0.0271042
0.04375	0.02625	-0.0277214
0.04625	0.02625	-0.0281431
0.04875	0.02625	-0.0283675
0.05125	0.02625	-0.0283932
0.05375	0.02625	-0.0282195
0.05625	0.02625	-0.0278463
0.05875	0.02625	-0.0272742
0.06125	0.02625	-0.0265043
0.06375	0.02625	-0.025539
0.06625	0.02625	-0.0243817
0.06875	0.02625	-0.0230371
0.07125	0.02625	-0.0215116
0.07375	0.02625	-0.0198138
0.07625	0.02625	-0.0179549
0.07875	0.02625	-0.0159498
0.08125	0.02625	-0.0138182
0.08375	0.02625	-0.0115874
0.08625	0.02625	-0.0092961
0.08875	0.02625	-0.00700122
0.09125	0.02625	-0.00478703
0.09375	0.02625	-0.00277877
0.09625	0.02625	-0.00113477
0.09875	0.02625	-0.000247044
0.00125	0.02875	-0.00025458
0.00375	0.02875	-0.00117335
0.00625	0.02875	-0.00288472
0.00875	0.02875	-0.00497934
0.01125	0.02875	-0.00729081
0.01375	0.02875	-0.00968708
0.01625	0.02875	-0.0120801
0.01875	0.02875	-0.0144114
0.02125	0.02875	-0.016642
0.02375	0.02875	-0.0187445
0.02625	0.02875	-0.0206988
0.02875	0.02875	-0.0224899
0.03125	0.02875	-0.0241063
0.03375	0.02875	-0.0255396
0.03625	0.02875	-0.026783
0.03875	0.02875	-0.0278315
0.04125	0.02875	-0.0286811
0.04375	0.02875	-0.0293289
0.04625	0.02875	-0.0297725
0.04875	0.02875	-0.0300104
0.05125	0.02875	-0.0300412
0.05375	0.02875	-0.0298641
0.05625	0.02875	-0.0294786
0.05875	0.02875	-0.0288849
0.06125	0.02875	-0.0280836
0.06375	0.02875	-0.0270763
0.06625	0.02875	-0.0258656
0.06875	0.02875	-0.0244556
0.07125	0.02875	-0.0228521
0.07375	0.02875	-0.0210634
0.07625	0.02875	-0.0191005
0.07875	0.02875	-0.0169785
0.08125	0.02875	-0.0147182
0.08375	0.02875	-0.0123484
0.08625	0.02875	-0.00991087
0.08875	0.02875	-0.00746661
0.09125	0.02875	-0.00510628
0.09375	0.02875	-0.00296432
0.09625	0.02875	-0.00121044
0.09875	0.02875	-0.000263414
0.00125	0.03125	-0.000271914
0.00375	0.03125	-0.00125383
0.00625	0.03125	-0.00308328
0.00875	0.03125	-0.00532189
0.01125	0.03125	-0.00779075
0.01375	0.03125	-0.0103477
0.01625	0.03125	-0.012898
0.01875	0.03125	-0.0153788
0.02125	0.03125	-0.0177482
0.02375	0.03125	-0.019978
0.02625	0.03125	-0.0220463
0.02875	0.03125	-0.0239386
0.03125	0.03125	-0.0256433
0.03375	0.03125	-0.0271523
0.03625	0.03125	-0.0284596
0.03875	0.03125	-0.029561
0.04125	0.03125	-0.0304532
0.04375	0.03125	-0.0311339
0.04625	0.03125	-0.0316014
0.04875	0.03125	-0.0318541
0.05125	0.03125	-0.031891
0.05375	0.03125	-0.0317111
0.05625	0.03125	-0.0313134
0.05875	0.03125	-0.0306976
0.06125	0.03125	-0.0298635
0.06375	0.03125	-0.0288118
0.06625	0.03125	-0.0275442
0.06875	0.03125	-0.0260636
0.07125	0.03125	-0.0243751
0.07375	0.03125	-0.0224862
0.07625	0.03125	-0.0204078
0.07875	0.03125	-0.0181551
0.08125	0.03125	-0.0157498
0.08375	0.03125	-0.0132227
0.08625	0.03125	-0.0106187
0.08875	0.03125	-0.00800377
0.09125	0.03125	-0.00547581
0.09375	0.03125	-0.00317989
0.09625	0.03125	-0.00129889
0.09875	0.03125	-0.000282678
0.00125	0.03375	-0.000292069
0.00375	0.03375	-0.00134705
0.00625	0.03375	-0.00331234
0.00875	0.03375	-0.00571601
0.01125	0.03375	-0.00836457
0.01375	0.03375	-0.0111043
0.01625	0.03375	-0.0138324
0.01875	0.03375	-0.0164813
0.02125	0.03375	-0.019006
0.02375	0.03375	-0.0213766
0.02625	0.03375	-0.0235704
0.02875	0.03375	-0.0255731
0.03125	0.03375	-0.0273733
0.03375	0.03375	-0.0289636
0.03625	0.03375	-0.0303392
0.03875	0.03375	-0.0314967
0.04125	0.03375	-0.0324339
0.04375	0.03375	-0.0331494
0.04625	0.03375	-0.0336422
0.04875	0.03375	-0.0339112
0.05125	0.03375	-0.0339553
0.05375	0.03375	-0.0337735
0.05625	0.03375	-0.0333644
0.05875	0.03375	-0.0327267
0.06125	0.03375	-0.0318594
0.06375	0.03375	-0.0307619
0.06625	0.03375	-0.0294345
0.06875	0.03375	-0.0278789
0.07125	0.03375	-0.0260989
0.07375	0.03375	-0.024101
0.07625	0.03375	-0.0218953
0.07875	0.03375	-0.0194974
0.08125	0.03375	-0.0169297
0.08375	0.03375	-0.0142252
0.08625	0.03375	-0.0114322
0.08875	0.03375	-0.00862256
0.09125	0.03375	-0.00590255
0.09375	0.03375	-0.00342953
0.09625	0.03375	-0.00140176
0.09875	0.03375	-0.000305168
0.00125	0.03625	-0.000315373
0.00375	0.03625	-0.00145458
0.00625	0.03625	-0.00357589
0.00875	0.03625	-0.00616848
0.01125	0.03625	-0.0090219
0.01375	0.03625	-0.0119688
0.01625	0.03625	-0.0148976
0.01875	0.03625	-0.0177347
0.02125	0.03625	-0.0204318
0.02375	0.03625	-0.0229572
0.02625	0.03625	-0.0252881
0.02875	0.03625	-0.0274097
0.03125	0.03625	-0.0293119
0.03375	0.03625	-0.0309882
0.03625	0.03625	-0.0324352
0.03875	0.03625	-0.033651
0.04125	0.03625	-0.0346349
0.04375	0.03625	-0.0353865
0.04625	0.03625	-0.0359057
0.04875	0.03625	-0.0361922
0.05125	0.03625	-0.036245
0.05375	0.03625	-0.0360628
0.05625	0.03625	-0.0356437
0.05875	0.03625	-0.0349854
0.06125	0.03625	-0.0340857
0.06375	0.03625	-0.0329422
0.06625	0.03625	-0.0315537
0.06875	0.03625	-0.0299199
0.07125	0.03625	-0.0280429
0.07375	0.03625	-0.0259277
0.07625	0.03625	-0.0235834
0.07875	0.03625	-0.0210253
0.08125	0.03625	-0.0182767
0.08375	0.03625	-0.0153728
0.08625	0.03625	-0.0123659
0.08875	0.03625	-0.00933443
0.09125	0.03625	-0.00639459
0.09375	0.03625	-0.00371805
0.09625	0.03625	-0.00152102
0.09875	0.03625	-0.000331306
0.00125	0.03875	-0.00034225
0.00375	0.03875	-0.00157843
0.00625	0.03875	-0.00387882
0.00875	0.03875	-0.00668757
0.01125	0.03875	-0.00977434
0.01375	0.03875	-0.012956
0.01625	0.03875	-0.0161103
0.01875	0.03875	-0.0191572
0.02125	0.03875	-0.0220447
0.02375	0.03875	-0.0247392
0.02625	0.03875	-0.027218
0.02875	0.03875	-0.0294663
0.03125	0.03875	-0.0314756
0.03375	0.03875	-0.0332411
0.03625	0.03875	-0.0347613
0.03875	0.03875	-0.0360363
0.04125	0.03875	-0.0370672
0.04375	0.03875	-0.0378554
0.04625	0.03875	-0.0384018
0.04875	0.03875	-0.0387069
0.05125	0.03875	-0.0387699
0.05375	0.03875	-0.0385894
0.05625	0.03875	-0.0381628
0.05875	0.03875	-0.0374866
0.06125	0.03875	-0.0365568
0.06375	0.03875	-0.0353692
0.06625	0.03875	-0.03392
0.06875	0.03875	-0.0322066
0.07125	0.03875	-0.0302287
0.07375	0.03875	-0.0279891
0.07625	0.03875	-0.0254954
0.07875	0.03875	-0.0227621
0.08125	0.03875	-0.0198131
0.08375	0.03875	-0.0166858
0.08625	0.03875	-0.0134372
0.08875	0.03875	-0.0101534
0.09125	0.03875	-0.00696197
0.09375	0.03875	-0.00405147
0.09625	0.03875	-0.00165918
0.09875	0.03875	-0.000361641
0.00125	0.04125	-0.000373248
0.00375	0.04125	-0.00172114
0.00625	0.04125	-0.00422733
0.00875	0.04125	-0.00728363
0.01125	0.04125	-0.0106363
0.01375	0.04125	-0.0140835
0.01625	0.04125	-0.0174909
0.01875	0.04125	-0.0207708
0.02125	0.04125	-0.0238672
0.02375	0.04125	-0.0267447
0.02625	0.04125	-0.0293813
0.02875	0.04125	-0.0317625
0.03125	0.04125	-0.0338822
0.03375	0.04125	-0.0357381
0.03625	0.04125	-0.0373313
0.03875	0.04125	-0.0386646
0.04125	0.04125	-0.0397416
0.04375	0.04125	-0.0405657
0.04625	0.04125	-0.0411393
0.04875	0.04125	-0.0414638
0.05125	0.04125	-0.041539
0.05375	0.04125	-0.0413632
0.05625	0.04125	-0.0409329
0.05875	0.04125	-0.0402431
0.06125	0.04125	-0.0392877
0.06375	0.04125	-0.0380599
0.06625	0.04125	-0.0365531
0.06875	0.04125	-0.0347614
0.07125	0.04125	-0.032681
0.07375	0.04125	-0.0303118
0.07625	0.04125	-0.027659
0.07875	0.04125	-0.0247357
0.08125	0.04125	-0.0215659
0.08375	0.04125	-0.0181893
0.08625	0.04125	-0.0146681
0.08875	0.04125	-0.011097
0.09125	0.04125	-0.00761739
0.09375	0.04125	-0.00443748
0.09625	0.04125	-0.00181951
0.09875	0.04125	-0.000396893
0.00125	0.04375	-0.000409087
0.00375	0.04375	-0.00188604
0.00625	0.04375	-0.00462939
0.00875	0.04375	-0.00796984
0.01125	0.04375	-0.0116259
0.01375	0.04375	-0.0153737
0.01625	0.04375	-0.0190646
0.01875	0.04375	-0.0226023
0.02125	0.04375	-0.0259263
0.02375	0.04375	-0.0290001
0.02625	0.04375	-0.0318027
0.02875	0.04375	-0.0343205
0.03125	0.04375	-0.0365514
0.03375	0.04375	-0.0384961
0.03625	0.04375	-0.0401595
0.03875	0.04375	-0.0415479
0.04125	0.04375	-0.042668
0.04375	0.04375	-0.0435257
0.04625	0.04375	-0.0441256
0.04875	0.04375	-0.0444702
0.05125	0.04375	-0.0445599
0.05375	0.04375	-0.0443927
0.05625	0.04375	-0.043964
0.05875	0.04375	-0.0432671
0.06125	0.04375	-0.0422934
0.06375	0.04375	-0.0410328
0.06625	0.04375	-0.0394748
0.06875	0.04375	-0.0376092
0.07125	0.04375	-0.0354281
0.07375	0.04375	-0.0329269
0.07625	0.04375	-0.0301074
0.07875	0.04375	-0.0269801
0.08125	0.04375	-0.0235686
0.08375	0.04375	-0.0199146
0.08625	0.04375	-0.0160861
0.08875	0.04375	-0.0121878
0.09125	0.04375	-0.00837723
0.09375	0.04375	-0.00488609
0.09625	0.04375	-0.00200629
0.09875	0.04375	-0.000438008
0.00125	0.04625	-0.000450715
0.00375	0.04625	-0.00207748
0.00625	0.04625	-0.00509536
0.00875	0.04625	-0.00876322
0.01125	0.04625	-0.0127663
0.01375	0.04625	-0.0168546
0.01625	0.04625	-0.0208626
0.01875	0.04625	-0.0246842
0.02125	0.04625	-0.0282545
0.02375	0.04625	-0.0315362
0.02625	0.04625	-0.0345102
0.02875	0.04625	-0.0371653
0.03125	0.04625	-0.0395043
0.03375	0.04625	-0.0415327
0.03625	0.04625	-0.04326
0.03875	0.04625	-0.0446973
0.04125	0.04625	-0.0458551
0.04375	0.04625	-0.0467425
0.04625	0.04625	-0.0473666
0.04875	0.04625	-0.0477315
0.05125	0.04625	-0.0478384
0.05375	0.04625	-0.0476848
0.05625	0.04625	-0.0472652
0.05875	0.04625	-0.0465705
0.06125	0.04625	-0.0455891
0.06375	0.04625	-0.0443069
0.06625	0.04625	-0.0427085
0.06875	0.04625	-0.0407784
0.07125	0.04625	-0.0385027
0.07375	0.04625	-0.0358712
0.07625	0.04625	-0.0328804
0.07875	0.04625	-0.029537
0.08125	0.04625	-0.0258629
0.08375	0.04625	-0.0219015
0.08625	0.04625	-0.0177266
0.08875	0.04625	-0.013455
0.09125	0.04625	-0.00926294
0.09375	0.04625	-0.0054105
0.09625	0.04625	-0.00222521
0.09875	0.04625	-0.000486259
0.00125	0.04875	-0.000499403
0.00375	0.04875	-0.00230124
0.00625	0.04875	-0.00563893
0.00875	0.04875	-0.009686
0.01125	0.04875	-0.0140875
0.01375	0.04875	-0.018562
0.01625	0.04875	-0.022924
0.01875	0.04875	-0.0270568
0.02125	0.04875	-0.030891
0.02375	0.04875	-0.0343894
0.02625	0.04875	-0.0375365
0.02875	0.04875	-0.0403247
0.03125	0.04875	-0.0427641
0.03375	0.04875	-0.0448661
0.03625	0.04875	-0.0466468
0.03875	0.04875	-0.0481228
0.04125	0.04875	-0.0493096
0.04375	0.04875	-0.0502205
0.04625	0.04875	-0.0508653
0.04875	0.04875	-0.0512503
0.05125	0.04875	-0.0513773
0.05375	0.04875	-0.0512439
0.05625	0.04875	-0.050843
0.05875	0.04875	-0.0501632
0.06125	0.04875	-0.049189
0.06375	0.04875	-0.0479016
0.06625	0.04875	-0.0462794
0.06875	0.04875	-0.0443002
0.07125	0.04875	-0.0419424
0.07375	0.04875	-0.039188
0.07625	0.04875	-0.0360262
0.07875	0.04875	-0.0324577
0.08125	0.04875	-0.0285011
0.08375	0.04875	-0.0242003
0.08625	0.04875	-0.0196355
0.08875	0.04875	-0.0149367
0.09125	0.04875	-0.010303
0.09375	0.04875	-0.00602844
0.09625	0.04875	-0.002484
0.09875	0.04875	-0.000543378
0.00125	0.05125	-0.00055689
0.00375	0.05125	-0.00256517
0.00625	0.05125	-0.00627841
0.00875	0.05125	-0.0107676
0.01125	0.05125	-0.0156284
0.01375	0.05125	-0.0205416
0.01625	0.05125	-0.0252983
0.01875	0.05125	-0.0297698
0.02125	0.05125	-0.033883
0.02375	0.05125	-0.0376027
0.02625	0.05125	-0.0409186
0.02875	0.05125	-0.0438295
0.03125	0.05125	-0.0463548
0.03375	0.05125	-0.0485143
0.03625	0.05125	-0.0503321
0.03875	0.05125	-0.0518319
0.04125	0.05125	-0.0530354
0.04375	0.05125	-0.0539605
0.04625	0.05125	-0.0546209
0.04875	0.05125	-0.0550249
0.05125	0.05125	-0.0551757
0.05375	0.05125	-0.0550705
0.05625	0.05125	-0.0547009
0.05875	0.05125	-0.0540526
0.06125	0.05125	-0.0531057
0.06375	0.05125	-0.0518356
0.06625	0.05125	-0.0502137
0.06875	0.05125	-0.0482089
0.07125	0.05125	-0.0457898
0.07375	0.05125	-0.0429281
0.07625	0.05125	-0.0396027
0.07875	0.05125	-0.0358056
0.08125	0.05125	-0.0315491
0.08375	0.05125	-0.0268762
0.08625	0.05125	-0.0218726
0.08875	0.05125	-0.0166838
0.09125	0.05125	-0.0115357
0.09375	0.05125	-0.00676409
0.09625	0.05125	-0.00279333
0.09875	0.05125	-0.000611787
0.00125	0.05375	-0.000625602
0.00375	0.05375	-0.0028801
0.00625	0.05375	-0.00703872
0.00875	0.05375	-0.0120473
0.01125	0.05375	-0.0174405
0.01375	0.05375	-0.0228527
0.01625	0.05375	-0.0280478
0.01875	0.05375	-0.0328844
0.02125	0.05375	-0.0372874
0.02375	0.05375	-0.0412261
0.02625	0.05375	-0.0446984
0.02875	0.05375	-0.0477127
0.03125	0.05375	-0.0503009
0.03375	0.05375	-0.0524937
0.03625	0.05375	-0.0543254
0.03875	0.05375	-0.0558284
0.04125	0.05375	-0.0570315
0.04375	0.05375	-0.0579584
0.04625	0.05375	-0.0586268
0.04875	0.05375	-0.0590481
0.05125	0.05375	-0.0592265
0.05375	0.05375	-0.0591594
0.05625	0.05375	-0.0588368
0.05875	0.05375	-0.0582411
0.06125	0.05375	-0.0573479
0.06375	0.05375	-0.0561256
0.06625	0.05375	-0.0545371
0.06875	0.05375	-0.0525406
0.07125	0.05375	-0.0500924
0.07375	0.05375	-0.0471504
0.07625	0.05375	-0.0436795
0.07875	0.05375	-0.0396586
0.08125	0.05375	-0.0350902
0.08375	0.05375	-0.0300128
0.08625	0.05375	-0.024517
0.08875	0.05375	-0.0187645
0.09125	0.05375	-0.0130136
0.09375	0.05375	-0.00765107
0.09625	0.05375	-0.00316831
0.09875	0.05375	-0.000694955
0.00125	0.05625	-0.000709015
0.00375	0.05625	-0.0032613
0.00625	0.05625	-0.00795423
0.00875	0.05625	-0.0135785
0.01125	0.05625	-0.0195917
0.01375	0.05625	-0.0255718
0.01625	0.05625	-0.0312511
0.01875	0.05625	-0.0364759
0.02125	0.05625	-0.0411717
0.02375	0.05625	-0.0453169
0.02625	0.05625	-0.0489215
0.02875	0.05625	-0.0520081
0.03125	0.05625	-0.0546252
0.03375	0.05625	-0.0568173
0.03625	0.05625	-0.0586312
0.03875	0.05625	-0.0601097
0.04125	0.05625	-0.0612899
0.04375	0.05625	-0.062202
0.04625	0.05625	-0.0628686
0.04875	0.05625	-0.063304
0.05125	0.05625	-0.0635143
0.05375	0.05625	-0.0634969
0.05625	0.05625	-0.0632403
0.05875	0.05625	-0.0627239
0.06125	0.05625	-0.0619177
0.06375	0.05625	-0.060783
0.06625	0.05625	-0.0592723
0.06875	0.05625	-0.0573313
0.07125	0.05625	-0.0549009
0.07375	0.05625	-0.0519212
0.07625	0.05625	-0.0483381
0.07875	0.05625	-0.0441117
0.08125	0.05625	-0.0392287
0.08375	0.05625	-0.0337185
0.08625	0.05625	-0.027673
0.08875	0.05625	-0.0212713
0.09125	0.05625	-0.0148092
0.09375	0.05625	-0.00873688
0.09625	0.05625	-0.00363076
0.09875	0.05625	-0.000797988
0.00125	0.05875	-0.000812239
0.00375	0.05875	-0.00373066
0.00625	0.05875	-0.00907314
0.00875	0.05875	-0.015434
0.01125	0.05875	-0.0221727
0.01375	0.05875	-0.0287979
0.01625	0.05875	-0.0350067
0.01875	0.05875	-0.0406349
0.02125	0.05875	-0.045614
0.02375	0.05875	-0.0499381
0.02625	0.05875	-0.0536348
0.02875	0.05875	-0.0567473
0.03125	0.05875	-0.0593451
0.03375	0.05875	-0.0614903
0.03625	0.05875	-0.0632446
0.03875	0.05875	-0.0646628
0.04125	0.05875	-0.0657913
0.04375	0.05875	-0.0666676
0.04625	0.05875	-0.0673193
0.04875	0.05875	-0.0677643
0.05125	0.05875	-0.0680108
0.05375	0.05875	-0.0680564
0.05625	0.05875	-0.0678885
0.05875	0.05875	-0.0674832
0.06125	0.05875	-0.0668055
0.06375	0.05875	-0.0658085
0.06625	0.05875	-0.0644336
0.06875	0.05875	-0.0626117
0.07125	0.05875	-0.060265
0.07375	0.05875	-0.0573113
0.07625	0.05875	-0.0536709
0.07875	0.05875	-0.0492776
0.08125	0.05875	-0.0440939
0.08375	0.05875	-0.0381317
0.08625	0.05875	-0.0314786
0.08875	0.05875	-0.0243295
0.09125	0.05875	-0.0170238
0.09375	0.05875	-0.0100895
0.09625	0.05875	-0.00421283
0.09875	0.05875	-0.000928586
0.00125	0.06125	-0.000942969
0.00375	0.06125	-0.00432027
0.00625	0.06125	-0.0104636
0.00875	0.06125	-0.0177138
0.01125	0.06125	-0.0253038
0.01375	0.06125	-0.0326579
0.01625	0.06125	-0.0394356
0.01875	0.06125	-0.0454679
0.02125	0.06125	-0.050701
0.02375	0.06125	-0.0551546
0.02625	0.06125	-0.0588809
0.02875	0.06125	-0.0619529
0.03125	0.06125	-0.0644658
0.03375	0.06125	-0.0665035
0.03625	0.06125	-0.0681447
0.03875	0.06125	-0.0694575
0.04125	0.06125	-0.0704985
0.04375	0.06125	-0.0713126
0.04625	0.06125	-0.0719329
0.04875	0.06125	-0.0723811
0.05125	0.06125	-0.0726675
0.05375	0.06125	-0.0727906
0.05625	0.06125	-0.072737
0.05875	0.06125	-0.0724803
0.06125	0.06125	-0.0719806
0.06375	0.06125	-0.071183
0.06625	0.06125	-0.0700172
0.06875	0.06125	-0.0683976
0.07125	0.06125	-0.0662246
0.07375	0.06125	-0.0633881
0.07625	0.06125	-0.0597756
0.07875	0.06125	-0.0552842
0.08125	0.06125	-0.0498402
0.08375	0.06125	-0.0434257
0.08625	0.06125	-0.0361134
0.08875	0.06125	-0.0281087
0.09125	0.06125	-0.0197986
0.09375	0.06125	-0.0118069
0.09625	0.06125	-0.00496253
0.09875	0.06125	-0.0010986
0.00125	0.06375	-0.00111305
0.00375	0.06375	-0.00507768
0.00625	0.06375	-0.0122228
0.00875	0.06375	-0.0205548
0.01125	0.06375	-0.0291425
0.01375	0.06375	-0.0373101
0.01625	0.06375	-0.0446809
0.01875	0.06375	-0.0510922
0.02125	0.06375	-0.0565197
0.02375	0.06375	-0.0610221
0.02625	0.06375	-0.0646859
0.02875	0.06375	-0.0676256
0.03125	0.06375	-0.0699672
0.03375	0.06375	-0.0718199
0.03625	0.06375	-0.0732814
0.03875	0.06375	-0.0744338
0.04125	0.06375	-0.0753439
0.04375	0.06375	-0.076064
0.04625	0.06375	-0.0766324
0.04875	0.06375	-0.0770747
0.05125	0.06375	-0.0774034
0.05375	0.06375	-0.0776187
0.05625	0.06375	-0.077707
0.05875	0.06375	-0.0776407
0.06125	0.06375	-0.0773758
0.06375	0.06375	-0.0768506
0.06625	0.06375	-0.0759835
0.06875	0.06375	-0.0746715
0.07125	0.06375	-0.0727906
0.07375	0.06375	-0.0701978
0.07625	0.06375	-0.066739
0.07875	0.06375	-0.062262
0.08125	0.06375	-0.0566405
0.08375	0.06375	-0.049808
0.08625	0.06375	-0.0418044
0.08875	0.06375	-0.0328334
0.09125	0.06375	-0.023329
0.09375	0.06375	-0.0140301
0.09625	0.06375	-0.00595209
0.09875	0.06375	-0.00132653
0.00125	0.06625	-0.00134098
0.00375	0.06625	-0.00607392
0.00625	0.06625	-0.0144881
0.00875	0.06625	-0.0241413
0.01125	0.06625	-0.0338895
0.01375	0.06625	-0.0429427
0.01625	0.06625	-0.0508984
0.01875	0.06625	-0.0576212
0.02125	0.06625	-0.0631382
0.02375	0.06625	-0.0675658
0.02625	0.06625	-0.0710356
0.02875	0.06625	-0.0737205
0.03125	0.06625	-0.0757801
0.03375	0.06625	-0.077352
0.03625	0.06625	-0.0785535
0.03875	0.06625	-0.0794802
0.04125	0.06625	-0.0802085
0.04375	0.06625	-0.0807968
0.04625	0.06625	-0.0812883
0.04875	0.06625	-0.0817118
0.05125	0.06625	-0.0820828
0.05375	0.06625	-0.0824032
0.05625	0.06625	-0.082661
0.05875	0.06625	-0.0828285
0.06125	0.06625	-0.0828602
0.06375	0.06625	-0.0826896
0.06625	0.06625	-0.0822257
0.06875	0.06625	-0.0813494
0.07125	0.06625	-0.0799112
0.07375	0.06625	-0.0777311
0.07625	0.06625	-0.0746043
0.07875	0.06625	-0.0703149
0.08125	0.06625	-0.0646627
0.08375	0.06625	-0.0575058
0.08625	0.06625	-0.0488224
0.08875	0.06625	-0.0387897
0.09125	0.06625	-0.0278786
0.09375	0.06625	-0.0169598
0.09625	0.06625	-0.00728994
0.09875	0.06625	-0.0016414
0.00125	0.06875	-0.00165587
0.00375	0.06875	-0.00741478
0.00625	0.06875	-0.0174516
0.00875	0.06875	-0.0287131
0.01125	0.06875	-0.0397851
0.01375	0.06875	-0.0497579
0.01625	0.06875	-0.0582297
0.01875	0.06875	-0.0651281
0.02125	0.06875	-0.070565
0.02375	0.06875	-0.0747355
0.02625	0.06875	-0.0778321
0.02875	0.06875	-0.0801041
0.03125	0.06875	-0.081745
0.03375	0.06875	-0.0829219
0.03625	0.06875	-0.0837698
0.03875	0.06875	-0.0843961
0.04125	0.06875	-0.0848842
0.04375	0.06875	-0.0852974
0.04625	0.06875	-0.0856819
0.04875	0.06875	-0.0860693
0.05125	0.06875	-0.0864776
0.05375	0.06875	-0.0869116
0.05625	0.06875	-0.0873623
0.05875	0.06875	-0.0878045
0.06125	0.06875	-0.0881944
0.06375	0.06875	-0.0884645
0.06625	0.06875	-0.0885187
0.06875	0.06875	-0.0882254
0.07125	0.06875	-0.0874119
0.07375	0.06875	-0.0858599
0.07625	0.06875	-0.0833072
0.07875	0.06875	-0.0794589
0.08125	0.06875	-0.0740152
0.08375	0.06875	-0.0667227
0.08625	0.06875	-0.0574538
0.08875	0.06875	-0.0463157
0.09125	0.06875	-0.0337861
0.09375	0.06875	-0.0208724
0.09625	0.06875	-0.00913651
0.09875	0.06875	-0.0020885
0.00125	0.07125	-0.00210335
0.00375	0.07125	-0.00925537
0.00625	0.07125	-0.0213709
0.00875	0.07125	-0.034562
0.01125	0.07125	-0.0470839
0.01375	0.07125	-0.0579256
0.01625	0.07125	-0.0667401
0.01875	0.07125	-0.0735743
0.02125	0.07125	-0.0786698
0.02375	0.07125	-0.0823191
0.02625	0.07125	-0.0848187
0.02875	0.07125	-0.0864819
0.03125	0.07125	-0.0875431
0.03375	0.07125	-0.0881943
0.03625	0.07125	-0.0885846
0.03875	0.07125	-0.0888286
0.04125	0.07125	-0.0890131
0.04375	0.07125	-0.0892027
0.04625	0.07125	-0.0894449
0.04875	0.07125	-0.0897725
0.05125	0.07125	-0.0902061
0.05375	0.07125	-0.0907538
0.05625	0.07125	-0.0914113
0.05875	0.07125	-0.0921593
0.06125	0.07125	-0.0929598
0.06375	0.07125	-0.0937505
0.06625	0.07125	-0.0944369
0.06875	0.07125	-0.0948829
0.07125	0.07125	-0.0948994
0.07375	0.07125	-0.0942343
0.07625	0.07125	-0.0925664
0.07875	0.07125	-0.0895098
0.08125	0.07125	-0.0846386
0.08375	0.07125	-0.0775429
0.08625	0.07125	-0.0679268
0.08875	0.07125	-0.0557555
0.09125	0.07125	-0.0414499
0.09375	0.07125	-0.0261297
0.09625	0.07125	-0.0117223
0.09875	0.07125	-0.00273754
0.00125	0.07375	-0.00275373
0.00375	0.07375	-0.0118155
0.00625	0.07375	-0.0265687
0.00875	0.07375	-0.0419962
0.01125	0.07375	-0.0559819
0.01375	0.07375	-0.0674808
0.01625	0.07375	-0.0762984
0.01875	0.07375	-0.0826836
0.02125	0.07375	-0.0870598
0.02375	0.07375	-0.0898412
0.02625	0.07375	-0.0914625
0.02875	0.07375	-0.0922881
0.03125	0.07375	-0.0925894
0.03375	0.07375	-0.0925747
0.03625	0.07375	-0.0923989
0.03875	0.07375	-0.0921764
0.04125	0.07375	-0.0919915
0.04375	0.07375	-0.0919064
0.04625	0.07375	-0.0919661
0.04875	0.07375	-0.0922032
0.05125	0.07375	-0.0926395
0.05375	0.07375	-0.0932874
0.05625	0.07375	-0.094149
0.05875	0.07375	-0.0952141
0.06125	0.07375	-0.0964561
0.06375	0.07375	-0.0978252
0.06625	0.07375	-0.0992388
0.06875	0.07375	-0.100568
0.07125	0.07375	-0.101622
0.07375	0.07375	-0.102129
0.07625	0.07375	-0.101716
0.07875	0.07375	-0.0999043
0.08125	0.07375	-0.0961219
0.08375	0.07375	-0.0897538
0.08625	0.07375	-0.0802559
0.08875	0.07375	-0.0673429
0.09125	0.07375	-0.051262
0.09375	0.07375	-0.0331615
0.09625	0.07375	-0.0153628
0.09875	0.07375	-0.00369284
0.00125	0.07625	-0.003712
0.00375	0.07625	-0.015388
0.00625	0.07625	-0.0333959
0.00875	0.07625	-0.0512391
0.01125	0.07625	-0.0664576
0.01375	0.07625	-0.0781285
0.01625	0.07625	-0.0863661
0.01875	0.07625	-0.0917304
0.02125	0.07625	-0.094872
0.02375	0.07625	-0.0963628
0.02625	0.07625	-0.0967825
0.02875	0.07625	-0.0965251
0.03125	0.07625	-0.0958833
0.03375	0.07625	-0.0950662
0.03625	0.07625	-0.0942215
0.03875	0.07625	-0.0934541
0.04125	0.07625	-0.0928384
0.04375	0.07625	-0.0924279
0.04625	0.07625	-0.092262
0.04875	0.07625	-0.09237
0.05125	0.07625	-0.092774
0.05375	0.07625	-0.0934902
0.05625	0.07625	-0.0945285
0.05875	0.07625	-0.0958911
0.06125	0.07625	-0.0975679
0.06375	0.07625	-0.0995301
0.06625	0.07625	-0.101719
0.06875	0.07625	-0.104032
0.07125	0.07625	-0.106295
0.07375	0.07625	-0.108243
0.07625	0.07625	-0.109478
0.07875	0.07625	-0.109447
0.08125	0.07625	-0.107428
0.08375	0.07625	-0.102563
0.08625	0.07625	-0.0939723
0.08875	0.07625	-0.0809732
0.09125	0.07625	-0.0634496
0.09375	0.07625	-0.0423925
0.09625	0.07625	-0.0204567
0.09875	0.07625	-0.00510432
0.00125	0.07875	-0.00512674
0.00375	0.07875	-0.0203241
0.00625	0.07875	-0.0421205
0.00875	0.07875	-0.0622126
0.01125	0.07875	-0.0779836
0.01375	0.07875	-0.0889273
0.01625	0.07875	-0.0956865
0.01875	0.07875	-0.0992463
0.02125	0.07875	-0.100501
0.02375	0.07875	-0.100257
0.02625	0.07875	-0.0991447
0.02875	0.07875	-0.0975739
0.03125	0.07875	-0.095828
0.03375	0.07875	-0.0940954
0.03625	0.07875	-0.0925009
0.03875	0.07875	-0.0911277
0.04125	0.07875	-0.0900317
0.04375	0.07875	-0.0892522
0.04625	0.07875	-0.0888182
0.04875	0.07875	-0.0887528
0.05125	0.07875	-0.0890763
0.05375	0.07875	-0.0898078
0.05625	0.07875	-0.0909652
0.05875	0.07875	-0.0925645
0.06125	0.07875	-0.0946167
0.06375	0.07875	-0.0971217
0.06625	0.07875	-0.100058
0.06875	0.07875	-0.103365
0.07125	0.07875	-0.10692
0.07375	0.07875	-0.110498
0.07625	0.07875	-0.113726
0.07875	0.07875	-0.116024
0.08125	0.07875	-0.116557
0.08375	0.07875	-0.114221
0.08625	0.07875	-0.107727
0.08875	0.07875	-0.0958305
0.09125	0.07875	-0.0777782
0.09375	0.07875	-0.0540658
0.09625	0.07875	-0.027442
0.09875	0.07875	-0.00717426
0.00125	0.08125	-0.00719108
0.00375	0.08125	-0.0269625
0.00625	0.08125	-0.0526845
0.00875	0.08125	-0.0741521
0.01125	0.08125	-0.0890829
0.01375	0.08125	-0.0978595
0.01625	0.08125	-0.101907
0.01875	0.08125	-0.102704
0.02125	0.08125	-0.101402
0.02375	0.08125	-0.0989898
0.02625	0.08125	-0.0960646
0.02875	0.08125	-0.0930063
0.03125	0.08125	-0.0900499
0.03375	0.08125	-0.087337
0.03625	0.08125	-0.0849514
0.03875	0.08125	-0.0829426
0.04125	0.08125	-0.0813401
0.04375	0.08125	-0.080163
0.04625	0.08125	-0.0794258
0.04875	0.08125	-0.079142
0.05125	0.08125	-0.0793277
0.05375	0.08125	-0.0800026
0.05625	0.08125	-0.0811913
0.05875	0.08125	-0.0829232
0.06125	0.08125	-0.0852313
0.06375	0.08125	-0.0881486
0.06625	0.08125	-0.0916998
0.06875	0.08125	-0.0958867
0.07125	0.08125	-0.100664
0.07375	0.08125	-0.105897
0.07625	0.08125	-0.111305
0.07875	0.08125	-0.116368
0.08125	0.08125	-0.120232
0.08375	0.08125	-0.121614
0.08625	0.08125	-0.118813
0.08875	0.08125	-0.109877
0.09125	0.08125	-0.0930846
0.09375	0.08125	-0.067911
0.09625	0.08125	-0.0366678
0.09875	0.08125	-0.0101475
0.00125	0.08375	-0.0101197
0.00375	0.08375	-0.0354601
0.00625	0.08375	-0.0642737
0.00875	0.08375	-0.0850399
0.01125	0.08375	-0.0967728
0.01375	0.08375	-0.101365
0.01625	0.08375	-0.101218
0.01875	0.08375	-0.0982566
0.02125	0.08375	-0.0938467
0.02375	0.08375	-0.0889472
0.02625	0.08375	-0.0840481
0.02875	0.08375	-0.0794318
0.03125	0.08375	-0.0752447
0.03375	0.08375	-0.0715563
0.03625	0.08375	-0.0683937
0.03875	0.08375	-0.0657631
0.04125	0.08375	-0.0636611
0.04375	0.08375	-0.0620823
0.04625	0.08375	-0.0610229
0.04875	0.08375	-0.0604845
0.05125	0.08375	-0.0604757
0.05375	0.08375	-0.061014
0.05625	0.08375	-0.0621273
0.05875	0.08375	-0.0638551
0.06125	0.08375	-0.0662495
0.06375	0.08375	-0.0693753
0.06625	0.08375	-0.0733055
0.06875	0.08375	-0.0781137
0.07125	0.08375	-0.0838548
0.07375	0.08375	-0.0905308
0.07625	0.08375	-0.0980264
0.07875	0.08375	-0.106005
0.08125	0.08375	-0.113753
0.08375	0.08375	-0.119989
0.08625	0.08375	-0.122723
0.08875	0.08375	-0.119276
0.09125	0.08375	-0.106652
0.09375	0.08375	-0.0826104
0.09625	0.08375	-0.0481128
0.09875	0.08375	-0.0142524
0.00125	0.08625	-0.0140636
0.00375	0.08625	-0.0454522
0.00625	0.08625	-0.0746561
0.00875	0.08625	-0.0909014
0.01125	0.08625	-0.0960085
0.01375	0.08625	-0.0939714
0.01625	0.08625	-0.0881262
0.01875	0.08625	-0.0806527
0.02125	0.08625	-0.072795
0.02375	0.08625	-0.0652886
0.02625	0.08625	-0.0584188
0.02875	0.08625	-0.0523031
0.03125	0.08625	-0.0469644
0.03375	0.08625	-0.0423821
0.03625	0.08625	-0.0385177
0.03875	0.08625	-0.0353289
0.04125	0.08625	-0.0327743
0.04375	0.08625	-0.0308217
0.04625	0.08625	-0.0294478
0.04875	0.08625	-0.0286396
0.05125	0.08625	-0.0283964
0.05375	0.08625	-0.0287302
0.05625	0.08625	-0.029668
0.05875	0.08625	-0.031253
0.06125	0.08625	-0.0335486
0.06375	0.08625	-0.0366444
0.06625	0.08625	-0.0406491
0.06875	0.08625	-0.0457108
0.07125	0.08625	-0.0519901
0.07375	0.08625	-0.0596475
0.07625	0.08625	-0.0687948
0.07875	0.08625	-0.0793986
0.08125	0.08625	-0.0910926
0.08375	0.08625	-0.102896
0.08625	0.08625	-0.112872
0.08875	0.08625	-0.117851
0.09125	0.08625	-0.113455
0.09375	0.08625	-0.095009
0.09625	0.08625	-0.0608428
0.09875	0.08625	-0.0195013
0.00125	0.08875	-0.0188369
0.00375	0.08875	-0.0553662
0.00625	0.08875	-0.0791535
0.00875	0.08875	-0.0849278
0.01125	0.08875	-0.0791078
0.01375	0.08875	-0.0679197
0.01625	0.08875	-0.0551255
0.01875	0.08875	-0.0426287
0.02125	0.08875	-0.0312922
0.02375	0.08875	-0.0212959
0.02625	0.08875	-0.0126238
0.02875	0.08875	-0.00518076
0.03125	0.08875	0.00115305
0.03375	0.08875	0.00649347
0.03625	0.08875	0.0109546
0.03875	0.08875	0.0146148
0.04125	0.08875	0.0175516
0.04375	0.08875	0.0198261
0.04625	0.08875	0.0214806
0.04875	0.08875	0.0225424
0.05125	0.08875	0.023023
0.05375	0.08875	0.0229171
0.05625	0.08875	0.0222013
0.05875	0.08875	0.0208342
0.06125	0.08875	0.0187503
0.06375	0.08875	0.0158443
0.06625	0.08875	0.0120383
0.06875	0.08875	0.00709055
0.07125	0.08875	0.000755128
0.07375	0.08875	-0.0072895
0.07625	0.08875	-0.0173929
0.07875	0.08875	-0.0298917
0.08125	0.08875	-0.0449243
0.08375	0.08875	-0.0621771
0.08625	0.08875	-0.0803808
0.08875	0.08875	-0.0965147
0.09125	0.08875	-0.105182
0.09375	0.08875	-0.0989005
0.09625	0.08875	-0.0719902
0.09875	0.08875	-0.025091
0.00125	0.09125	-0.0229103
0.00375	0.09125	-0.0606013
0.00625	0.09125	-0.0684739
0.00875	0.09125	-0.0557714
0.01125	0.09125	-0.0345005
0.01375	0.09125	-0.0120888
0.01625	0.09125	0.00848944
0.01875	0.09125	0.0262799
0.02125	0.09125	0.0411904
0.02375	0.09125	0.0536042
0.02625	0.09125	0.0639161
0.02875	0.09125	0.0724772
0.03125	0.09125	0.0795812
0.03375	0.09125	0.0854647
0.03625	0.09125	0.0903137
0.03875	0.09125	0.0942755
0.04125	0.09125	0.0974691
0.04375	0.09125	0.099982
0.04625	0.09125	0.101878
0.04875	0.09125	0.103203
0.05125	0.09125	0.103981
0.05375	0.09125	0.104218
0.05625	0.09125	0.103899
0.05875	0.09125	0.102982
0.06125	0.09125	0.101394
0.06375	0.09125	0.0990283
0.06625	0.09125	0.0956695
0.06875	0.09125	0.0911257
0.07125	0.09125	0.0850887
0.07375	0.09125	0.0771212
0.07625	0.09125	0.0666375
0.07875	0.09125	0.0528876
0.08125	0.09125	0.0353013
0.08375	0.09125	0.0134257
0.08625	0.09125	-0.0130193
0.08875	0.09125	-0.0420395
0.09125	0.09125	-0.0684078
0.09375	0.09125	-0.0827638
0.09625	0.09125	-0.0747564
0.09875	0.09125	-0.0276558
0.00125	0.09375	-0.0193966
0.00375	0.09375	-0.0480567
0.00625	0.09375	-0.0224623
0.00875	0.09375	0.0190571
0.01125	0.09375	0.0599563
0.01375	0.09375	0.0944733
0.01625	0.09375	0.122324
0.01875	0.09375	0.144466
0.02125	0.09375	0.162074
0.02375	0.09375	0.17617
0.02625	0.09375	0.187524
0.02875	0.09375	0.196723
0.03125	0.09375	0.20421
0.03375	0.09375	0.210321
0.03625	0.09375	0.21531
0.03875	0.09375	0.219371
0.04125	0.09375	0.222651
0.04375	0.09375	0.22526
0.04625	0.09375	0.227279
0.04875	0.09375	0.228766
0.05125	0.09375	0.229759
0.05375	0.09375	0.230276
0.05625	0.09375	0.230314
0.05875	0.09375	0.229852
0.06125	0.09375	0.228841
0.06375	0.09375	0.227203
0.06625	0.09375	0.22481
0.06875	0.09375	0.221477
0.07125	0.09375	0.216922
0.07375	0.09375	0.21071
0.07625	0.09375	0.202169
0.07875	0.09375	0.190278
0.08125	0.09375	0.173321
0.08375	0.09375	0.149061
0.08625	0.09375	0.115533
0.08875	0.09375	0.0712815
0.09125	0.09375	0.0221751
0.09375	0.09375	-0.0242477
0.09625	0.09375	-0.0539343
0.09875	0.09375	-0.0160632
0.00125	0.09625	0.0238505
0.00375	0.09625	0.0306956
0.00625	0.09625	0.117421
0.00875	0.09625	0.192796
0.01125	0.09625	0.251441
0.01375	0.09625	0.295635
0.01625	0.09625	0.328972
0.01875	0.09625	0.354325
0.02125	0.09625	0.373818
0.02375	0.09625	0.388981
0.02625	0.09625	0.400906
0.02875	0.09625	0.410373
0.03125	0.09625	0.41795
0.03375	0.09625	0.424054
0.03625	0.09625	0.42899
0.03875	0.09625	0.432987
0.04125	0.09625	0.436214
0.04375	0.09625	0.438799
0.04625	0.09625	0.440833
0.04875	0.09625	0.442384
0.05125	0.09625	0.4435
0.05375	0.09625	0.444207
0.05625	0.09625	0.444518
0.05875	0.09625	0.444424
0.06125	0.09625	0.443899
0.06375	0.09625	0.44289
0.06625	0.09625	0.44131
0.06875	0.09625	0.439016
0.07125	0.09625	0.435786
0.07375	0.09625	0.431274
0.07625	0.09625	0.424936
0.07875	0.09625	0.415935
0.08125	0.09625	0.402893
0.08375	0.09625	0.383567
0.08625	0.09625	0.354438
0.08875	0.09625	0.310001
0.09125	0.09625	0.241744
0.09375	0.09625	0.148059
0.09625	0.09625	0.0374933
0.09875	0.09625	0.046968
0.00125	0.09875	0.267488
0.00375	0.09875	0.354965
0.00625	0.09875	0.505139
0.00875	0.09875	0.605693
0.01125	0.09875	0.675237
0.01375	0.09875	0.724791
0.01625	0.09875	0.76089
0.01875	0.09875	0.787644
0.02125	0.09875	0.807776
0.02375	0.09875	0.823143
0.02625	0.09875	0.835031
0.02875	0.09875	0.844338
0.03125	0.09875	0.851703
0.03375	0.09875	0.857583
0.03625	0.09875	0.862308
0.03875	0.09875	0.866122
0.04125	0.09875	0.8692
0.04375	0.09875	0.871675
0.04625	0.09875	0.873642
0.04875	0.09875	0.875173
0.05125	0.09875	0.876318
0.05375	0.09875	0.877108
0.05625	0.09875	0.877562
0.05875	0.09875	0.877683
0.06125	0.09875	0.877456
0.06375	0.09875	0.876847
0.06625	0.09875	0.875795
0.06875	0.09875	0.874194
0.07125	0.09875	0.871879
0.07375	0.09875	0.868592
0.07625	0.09875	0.863928
0.07875	0.09875	0.857256
0.08125	0.09875	0.847536
0.08375	0.09875	0.832994
0.08625	0.09875	0.810606
0.08875	0.09875	0.775388
0.09125	0.09875	0.71695
0.09375	0.09875	0.623673
0.09625	0.09875	0.43995
0.09875	0.09875	0.378028
