1600
(
6(0 1 3120 3200 3280 4880)
6(2 3 3201 3320 4920 0)
6(4 5 3202 3360 4960 2)
6(6 7 3203 3400 5000 4)
6(8 9 3204 3440 5040 6)
6(10 11 3205 3480 5080 8)
6(12 13 3206 3520 5120 10)
6(14 15 3207 3560 5160 12)
6(16 17 3208 3600 5200 14)
6(18 19 3209 3640 5240 16)
6(20 21 3210 3680 5280 18)
6(22 23 3211 3720 5320 20)
6(24 25 3212 3760 5360 22)
6(26 27 3213 3800 5400 24)
6(28 29 3214 3840 5440 26)
6(30 31 3215 3880 5480 28)
6(32 33 3216 3920 5520 30)
6(34 35 3217 3960 5560 32)
6(36 37 3218 4000 5600 34)
6(38 39 3219 4040 5640 36)
6(40 41 3220 4080 5680 38)
6(42 43 3221 4120 5720 40)
6(44 45 3222 4160 5760 42)
6(46 47 3223 4200 5800 44)
6(48 49 3224 4240 5840 46)
6(50 51 3225 4280 5880 48)
6(52 53 3226 4320 5920 50)
6(54 55 3227 4360 5960 52)
6(56 57 3228 4400 6000 54)
6(58 59 3229 4440 6040 56)
6(60 61 3230 4480 6080 58)
6(62 63 3231 4520 6120 60)
6(64 65 3232 4560 6160 62)
6(66 67 3233 4600 6200 64)
6(68 69 3234 4640 6240 66)
6(70 71 3235 4680 6280 68)
6(72 73 3236 4720 6320 70)
6(74 75 3237 4760 6360 72)
6(76 77 3238 4800 6400 74)
6(78 3160 3239 4840 6440 76)
6(79 80 3121 3281 4881 1)
6(81 82 3321 4921 3 79)
6(83 84 3361 4961 5 81)
6(85 86 3401 5001 7 83)
6(87 88 3441 5041 9 85)
6(89 90 3481 5081 11 87)
6(91 92 3521 5121 13 89)
6(93 94 3561 5161 15 91)
6(95 96 3601 5201 17 93)
6(97 98 3641 5241 19 95)
6(99 100 3681 5281 21 97)
6(101 102 3721 5321 23 99)
6(103 104 3761 5361 25 101)
6(105 106 3801 5401 27 103)
6(107 108 3841 5441 29 105)
6(109 110 3881 5481 31 107)
6(111 112 3921 5521 33 109)
6(113 114 3961 5561 35 111)
6(115 116 4001 5601 37 113)
6(117 118 4041 5641 39 115)
6(119 120 4081 5681 41 117)
6(121 122 4121 5721 43 119)
6(123 124 4161 5761 45 121)
6(125 126 4201 5801 47 123)
6(127 128 4241 5841 49 125)
6(129 130 4281 5881 51 127)
6(131 132 4321 5921 53 129)
6(133 134 4361 5961 55 131)
6(135 136 4401 6001 57 133)
6(137 138 4441 6041 59 135)
6(139 140 4481 6081 61 137)
6(141 142 4521 6121 63 139)
6(143 144 4561 6161 65 141)
6(145 146 4601 6201 67 143)
6(147 148 4641 6241 69 145)
6(149 150 4681 6281 71 147)
6(151 152 4721 6321 73 149)
6(153 154 4761 6361 75 151)
6(155 156 4801 6401 77 153)
6(157 3161 4841 6441 78 155)
6(158 159 3122 3282 4882 80)
6(160 161 3322 4922 82 158)
6(162 163 3362 4962 84 160)
6(164 165 3402 5002 86 162)
6(166 167 3442 5042 88 164)
6(168 169 3482 5082 90 166)
6(170 171 3522 5122 92 168)
6(172 173 3562 5162 94 170)
6(174 175 3602 5202 96 172)
6(176 177 3642 5242 98 174)
6(178 179 3682 5282 100 176)
6(180 181 3722 5322 102 178)
6(182 183 3762 5362 104 180)
6(184 185 3802 5402 106 182)
6(186 187 3842 5442 108 184)
6(188 189 3882 5482 110 186)
6(190 191 3922 5522 112 188)
6(192 193 3962 5562 114 190)
6(194 195 4002 5602 116 192)
6(196 197 4042 5642 118 194)
6(198 199 4082 5682 120 196)
6(200 201 4122 5722 122 198)
6(202 203 4162 5762 124 200)
6(204 205 4202 5802 126 202)
6(206 207 4242 5842 128 204)
6(208 209 4282 5882 130 206)
6(210 211 4322 5922 132 208)
6(212 213 4362 5962 134 210)
6(214 215 4402 6002 136 212)
6(216 217 4442 6042 138 214)
6(218 219 4482 6082 140 216)
6(220 221 4522 6122 142 218)
6(222 223 4562 6162 144 220)
6(224 225 4602 6202 146 222)
6(226 227 4642 6242 148 224)
6(228 229 4682 6282 150 226)
6(230 231 4722 6322 152 228)
6(232 233 4762 6362 154 230)
6(234 235 4802 6402 156 232)
6(236 3162 4842 6442 157 234)
6(237 238 3123 3283 4883 159)
6(239 240 3323 4923 161 237)
6(241 242 3363 4963 163 239)
6(243 244 3403 5003 165 241)
6(245 246 3443 5043 167 243)
6(247 248 3483 5083 169 245)
6(249 250 3523 5123 171 247)
6(251 252 3563 5163 173 249)
6(253 254 3603 5203 175 251)
6(255 256 3643 5243 177 253)
6(257 258 3683 5283 179 255)
6(259 260 3723 5323 181 257)
6(261 262 3763 5363 183 259)
6(263 264 3803 5403 185 261)
6(265 266 3843 5443 187 263)
6(267 268 3883 5483 189 265)
6(269 270 3923 5523 191 267)
6(271 272 3963 5563 193 269)
6(273 274 4003 5603 195 271)
6(275 276 4043 5643 197 273)
6(277 278 4083 5683 199 275)
6(279 280 4123 5723 201 277)
6(281 282 4163 5763 203 279)
6(283 284 4203 5803 205 281)
6(285 286 4243 5843 207 283)
6(287 288 4283 5883 209 285)
6(289 290 4323 5923 211 287)
6(291 292 4363 5963 213 289)
6(293 294 4403 6003 215 291)
6(295 296 4443 6043 217 293)
6(297 298 4483 6083 219 295)
6(299 300 4523 6123 221 297)
6(301 302 4563 6163 223 299)
6(303 304 4603 6203 225 301)
6(305 306 4643 6243 227 303)
6(307 308 4683 6283 229 305)
6(309 310 4723 6323 231 307)
6(311 312 4763 6363 233 309)
6(313 314 4803 6403 235 311)
6(315 3163 4843 6443 236 313)
6(316 317 3124 3284 4884 238)
6(318 319 3324 4924 240 316)
6(320 321 3364 4964 242 318)
6(322 323 3404 5004 244 320)
6(324 325 3444 5044 246 322)
6(326 327 3484 5084 248 324)
6(328 329 3524 5124 250 326)
6(330 331 3564 5164 252 328)
6(332 333 3604 5204 254 330)
6(334 335 3644 5244 256 332)
6(336 337 3684 5284 258 334)
6(338 339 3724 5324 260 336)
6(340 341 3764 5364 262 338)
6(342 343 3804 5404 264 340)
6(344 345 3844 5444 266 342)
6(346 347 3884 5484 268 344)
6(348 349 3924 5524 270 346)
6(350 351 3964 5564 272 348)
6(352 353 4004 5604 274 350)
6(354 355 4044 5644 276 352)
6(356 357 4084 5684 278 354)
6(358 359 4124 5724 280 356)
6(360 361 4164 5764 282 358)
6(362 363 4204 5804 284 360)
6(364 365 4244 5844 286 362)
6(366 367 4284 5884 288 364)
6(368 369 4324 5924 290 366)
6(370 371 4364 5964 292 368)
6(372 373 4404 6004 294 370)
6(374 375 4444 6044 296 372)
6(376 377 4484 6084 298 374)
6(378 379 4524 6124 300 376)
6(380 381 4564 6164 302 378)
6(382 383 4604 6204 304 380)
6(384 385 4644 6244 306 382)
6(386 387 4684 6284 308 384)
6(388 389 4724 6324 310 386)
6(390 391 4764 6364 312 388)
6(392 393 4804 6404 314 390)
6(394 3164 4844 6444 315 392)
6(395 396 3125 3285 4885 317)
6(397 398 3325 4925 319 395)
6(399 400 3365 4965 321 397)
6(401 402 3405 5005 323 399)
6(403 404 3445 5045 325 401)
6(405 406 3485 5085 327 403)
6(407 408 3525 5125 329 405)
6(409 410 3565 5165 331 407)
6(411 412 3605 5205 333 409)
6(413 414 3645 5245 335 411)
6(415 416 3685 5285 337 413)
6(417 418 3725 5325 339 415)
6(419 420 3765 5365 341 417)
6(421 422 3805 5405 343 419)
6(423 424 3845 5445 345 421)
6(425 426 3885 5485 347 423)
6(427 428 3925 5525 349 425)
6(429 430 3965 5565 351 427)
6(431 432 4005 5605 353 429)
6(433 434 4045 5645 355 431)
6(435 436 4085 5685 357 433)
6(437 438 4125 5725 359 435)
6(439 440 4165 5765 361 437)
6(441 442 4205 5805 363 439)
6(443 444 4245 5845 365 441)
6(445 446 4285 5885 367 443)
6(447 448 4325 5925 369 445)
6(449 450 4365 5965 371 447)
6(451 452 4405 6005 373 449)
6(453 454 4445 6045 375 451)
6(455 456 4485 6085 377 453)
6(457 458 4525 6125 379 455)
6(459 460 4565 6165 381 457)
6(461 462 4605 6205 383 459)
6(463 464 4645 6245 385 461)
6(465 466 4685 6285 387 463)
6(467 468 4725 6325 389 465)
6(469 470 4765 6365 391 467)
6(471 472 4805 6405 393 469)
6(473 3165 4845 6445 394 471)
6(474 475 3126 3286 4886 396)
6(476 477 3326 4926 398 474)
6(478 479 3366 4966 400 476)
6(480 481 3406 5006 402 478)
6(482 483 3446 5046 404 480)
6(484 485 3486 5086 406 482)
6(486 487 3526 5126 408 484)
6(488 489 3566 5166 410 486)
6(490 491 3606 5206 412 488)
6(492 493 3646 5246 414 490)
6(494 495 3686 5286 416 492)
6(496 497 3726 5326 418 494)
6(498 499 3766 5366 420 496)
6(500 501 3806 5406 422 498)
6(502 503 3846 5446 424 500)
6(504 505 3886 5486 426 502)
6(506 507 3926 5526 428 504)
6(508 509 3966 5566 430 506)
6(510 511 4006 5606 432 508)
6(512 513 4046 5646 434 510)
6(514 515 4086 5686 436 512)
6(516 517 4126 5726 438 514)
6(518 519 4166 5766 440 516)
6(520 521 4206 5806 442 518)
6(522 523 4246 5846 444 520)
6(524 525 4286 5886 446 522)
6(526 527 4326 5926 448 524)
6(528 529 4366 5966 450 526)
6(530 531 4406 6006 452 528)
6(532 533 4446 6046 454 530)
6(534 535 4486 6086 456 532)
6(536 537 4526 6126 458 534)
6(538 539 4566 6166 460 536)
6(540 541 4606 6206 462 538)
6(542 543 4646 6246 464 540)
6(544 545 4686 6286 466 542)
6(546 547 4726 6326 468 544)
6(548 549 4766 6366 470 546)
6(550 551 4806 6406 472 548)
6(552 3166 4846 6446 473 550)
6(553 554 3127 3287 4887 475)
6(555 556 3327 4927 477 553)
6(557 558 3367 4967 479 555)
6(559 560 3407 5007 481 557)
6(561 562 3447 5047 483 559)
6(563 564 3487 5087 485 561)
6(565 566 3527 5127 487 563)
6(567 568 3567 5167 489 565)
6(569 570 3607 5207 491 567)
6(571 572 3647 5247 493 569)
6(573 574 3687 5287 495 571)
6(575 576 3727 5327 497 573)
6(577 578 3767 5367 499 575)
6(579 580 3807 5407 501 577)
6(581 582 3847 5447 503 579)
6(583 584 3887 5487 505 581)
6(585 586 3927 5527 507 583)
6(587 588 3967 5567 509 585)
6(589 590 4007 5607 511 587)
6(591 592 4047 5647 513 589)
6(593 594 4087 5687 515 591)
6(595 596 4127 5727 517 593)
6(597 598 4167 5767 519 595)
6(599 600 4207 5807 521 597)
6(601 602 4247 5847 523 599)
6(603 604 4287 5887 525 601)
6(605 606 4327 5927 527 603)
6(607 608 4367 5967 529 605)
6(609 610 4407 6007 531 607)
6(611 612 4447 6047 533 609)
6(613 614 4487 6087 535 611)
6(615 616 4527 6127 537 613)
6(617 618 4567 6167 539 615)
6(619 620 4607 6207 541 617)
6(621 622 4647 6247 543 619)
6(623 624 4687 6287 545 621)
6(625 626 4727 6327 547 623)
6(627 628 4767 6367 549 625)
6(629 630 4807 6407 551 627)
6(631 3167 4847 6447 552 629)
6(632 633 3128 3288 4888 554)
6(634 635 3328 4928 556 632)
6(636 637 3368 4968 558 634)
6(638 639 3408 5008 560 636)
6(640 641 3448 5048 562 638)
6(642 643 3488 5088 564 640)
6(644 645 3528 5128 566 642)
6(646 647 3568 5168 568 644)
6(648 649 3608 5208 570 646)
6(650 651 3648 5248 572 648)
6(652 653 3688 5288 574 650)
6(654 655 3728 5328 576 652)
6(656 657 3768 5368 578 654)
6(658 659 3808 5408 580 656)
6(660 661 3848 5448 582 658)
6(662 663 3888 5488 584 660)
6(664 665 3928 5528 586 662)
6(666 667 3968 5568 588 664)
6(668 669 4008 5608 590 666)
6(670 671 4048 5648 592 668)
6(672 673 4088 5688 594 670)
6(674 675 4128 5728 596 672)
6(676 677 4168 5768 598 674)
6(678 679 4208 5808 600 676)
6(680 681 4248 5848 602 678)
6(682 683 4288 5888 604 680)
6(684 685 4328 5928 606 682)
6(686 687 4368 5968 608 684)
6(688 689 4408 6008 610 686)
6(690 691 4448 6048 612 688)
6(692 693 4488 6088 614 690)
6(694 695 4528 6128 616 692)
6(696 697 4568 6168 618 694)
6(698 699 4608 6208 620 696)
6(700 701 4648 6248 622 698)
6(702 703 4688 6288 624 700)
6(704 705 4728 6328 626 702)
6(706 707 4768 6368 628 704)
6(708 709 4808 6408 630 706)
6(710 3168 4848 6448 631 708)
6(711 712 3129 3289 4889 633)
6(713 714 3329 4929 635 711)
6(715 716 3369 4969 637 713)
6(717 718 3409 5009 639 715)
6(719 720 3449 5049 641 717)
6(721 722 3489 5089 643 719)
6(723 724 3529 5129 645 721)
6(725 726 3569 5169 647 723)
6(727 728 3609 5209 649 725)
6(729 730 3649 5249 651 727)
6(731 732 3689 5289 653 729)
6(733 734 3729 5329 655 731)
6(735 736 3769 5369 657 733)
6(737 738 3809 5409 659 735)
6(739 740 3849 5449 661 737)
6(741 742 3889 5489 663 739)
6(743 744 3929 5529 665 741)
6(745 746 3969 5569 667 743)
6(747 748 4009 5609 669 745)
6(749 750 4049 5649 671 747)
6(751 752 4089 5689 673 749)
6(753 754 4129 5729 675 751)
6(755 756 4169 5769 677 753)
6(757 758 4209 5809 679 755)
6(759 760 4249 5849 681 757)
6(761 762 4289 5889 683 759)
6(763 764 4329 5929 685 761)
6(765 766 4369 5969 687 763)
6(767 768 4409 6009 689 765)
6(769 770 4449 6049 691 767)
6(771 772 4489 6089 693 769)
6(773 774 4529 6129 695 771)
6(775 776 4569 6169 697 773)
6(777 778 4609 6209 699 775)
6(779 780 4649 6249 701 777)
6(781 782 4689 6289 703 779)
6(783 784 4729 6329 705 781)
6(785 786 4769 6369 707 783)
6(787 788 4809 6409 709 785)
6(789 3169 4849 6449 710 787)
6(790 791 3130 3290 4890 712)
6(792 793 3330 4930 714 790)
6(794 795 3370 4970 716 792)
6(796 797 3410 5010 718 794)
6(798 799 3450 5050 720 796)
6(800 801 3490 5090 722 798)
6(802 803 3530 5130 724 800)
6(804 805 3570 5170 726 802)
6(806 807 3610 5210 728 804)
6(808 809 3650 5250 730 806)
6(810 811 3690 5290 732 808)
6(812 813 3730 5330 734 810)
6(814 815 3770 5370 736 812)
6(816 817 3810 5410 738 814)
6(818 819 3850 5450 740 816)
6(820 821 3890 5490 742 818)
6(822 823 3930 5530 744 820)
6(824 825 3970 5570 746 822)
6(826 827 4010 5610 748 824)
6(828 829 4050 5650 750 826)
6(830 831 4090 5690 752 828)
6(832 833 4130 5730 754 830)
6(834 835 4170 5770 756 832)
6(836 837 4210 5810 758 834)
6(838 839 4250 5850 760 836)
6(840 841 4290 5890 762 838)
6(842 843 4330 5930 764 840)
6(844 845 4370 5970 766 842)
6(846 847 4410 6010 768 844)
6(848 849 4450 6050 770 846)
6(850 851 4490 6090 772 848)
6(852 853 4530 6130 774 850)
6(854 855 4570 6170 776 852)
6(856 857 4610 6210 778 854)
6(858 859 4650 6250 780 856)
6(860 861 4690 6290 782 858)
6(862 863 4730 6330 784 860)
6(864 865 4770 6370 786 862)
6(866 867 4810 6410 788 864)
6(868 3170 4850 6450 789 866)
6(869 870 3131 3291 4891 791)
6(871 872 3331 4931 793 869)
6(873 874 3371 4971 795 871)
6(875 876 3411 5011 797 873)
6(877 878 3451 5051 799 875)
6(879 880 3491 5091 801 877)
6(881 882 3531 5131 803 879)
6(883 884 3571 5171 805 881)
6(885 886 3611 5211 807 883)
6(887 888 3651 5251 809 885)
6(889 890 3691 5291 811 887)
6(891 892 3731 5331 813 889)
6(893 894 3771 5371 815 891)
6(895 896 3811 5411 817 893)
6(897 898 3851 5451 819 895)
6(899 900 3891 5491 821 897)
6(901 902 3931 5531 823 899)
6(903 904 3971 5571 825 901)
6(905 906 4011 5611 827 903)
6(907 908 4051 5651 829 905)
6(909 910 4091 5691 831 907)
6(911 912 4131 5731 833 909)
6(913 914 4171 5771 835 911)
6(915 916 4211 5811 837 913)
6(917 918 4251 5851 839 915)
6(919 920 4291 5891 841 917)
6(921 922 4331 5931 843 919)
6(923 924 4371 5971 845 921)
6(925 926 4411 6011 847 923)
6(927 928 4451 6051 849 925)
6(929 930 4491 6091 851 927)
6(931 932 4531 6131 853 929)
6(933 934 4571 6171 855 931)
6(935 936 4611 6211 857 933)
6(937 938 4651 6251 859 935)
6(939 940 4691 6291 861 937)
6(941 942 4731 6331 863 939)
6(943 944 4771 6371 865 941)
6(945 946 4811 6411 867 943)
6(947 3171 4851 6451 868 945)
6(948 949 3132 3292 4892 870)
6(950 951 3332 4932 872 948)
6(952 953 3372 4972 874 950)
6(954 955 3412 5012 876 952)
6(956 957 3452 5052 878 954)
6(958 959 3492 5092 880 956)
6(960 961 3532 5132 882 958)
6(962 963 3572 5172 884 960)
6(964 965 3612 5212 886 962)
6(966 967 3652 5252 888 964)
6(968 969 3692 5292 890 966)
6(970 971 3732 5332 892 968)
6(972 973 3772 5372 894 970)
6(974 975 3812 5412 896 972)
6(976 977 3852 5452 898 974)
6(978 979 3892 5492 900 976)
6(980 981 3932 5532 902 978)
6(982 983 3972 5572 904 980)
6(984 985 4012 5612 906 982)
6(986 987 4052 5652 908 984)
6(988 989 4092 5692 910 986)
6(990 991 4132 5732 912 988)
6(992 993 4172 5772 914 990)
6(994 995 4212 5812 916 992)
6(996 997 4252 5852 918 994)
6(998 999 4292 5892 920 996)
6(1000 1001 4332 5932 922 998)
6(1002 1003 4372 5972 924 1000)
6(1004 1005 4412 6012 926 1002)
6(1006 1007 4452 6052 928 1004)
6(1008 1009 4492 6092 930 1006)
6(1010 1011 4532 6132 932 1008)
6(1012 1013 4572 6172 934 1010)
6(1014 1015 4612 6212 936 1012)
6(1016 1017 4652 6252 938 1014)
6(1018 1019 4692 6292 940 1016)
6(1020 1021 4732 6332 942 1018)
6(1022 1023 4772 6372 944 1020)
6(1024 1025 4812 6412 946 1022)
6(1026 3172 4852 6452 947 1024)
6(1027 1028 3133 3293 4893 949)
6(1029 1030 3333 4933 951 1027)
6(1031 1032 3373 4973 953 1029)
6(1033 1034 3413 5013 955 1031)
6(1035 1036 3453 5053 957 1033)
6(1037 1038 3493 5093 959 1035)
6(1039 1040 3533 5133 961 1037)
6(1041 1042 3573 5173 963 1039)
6(1043 1044 3613 5213 965 1041)
6(1045 1046 3653 5253 967 1043)
6(1047 1048 3693 5293 969 1045)
6(1049 1050 3733 5333 971 1047)
6(1051 1052 3773 5373 973 1049)
6(1053 1054 3813 5413 975 1051)
6(1055 1056 3853 5453 977 1053)
6(1057 1058 3893 5493 979 1055)
6(1059 1060 3933 5533 981 1057)
6(1061 1062 3973 5573 983 1059)
6(1063 1064 4013 5613 985 1061)
6(1065 1066 4053 5653 987 1063)
6(1067 1068 4093 5693 989 1065)
6(1069 1070 4133 5733 991 1067)
6(1071 1072 4173 5773 993 1069)
6(1073 1074 4213 5813 995 1071)
6(1075 1076 4253 5853 997 1073)
6(1077 1078 4293 5893 999 1075)
6(1079 1080 4333 5933 1001 1077)
6(1081 1082 4373 5973 1003 1079)
6(1083 1084 4413 6013 1005 1081)
6(1085 1086 4453 6053 1007 1083)
6(1087 1088 4493 6093 1009 1085)
6(1089 1090 4533 6133 1011 1087)
6(1091 1092 4573 6173 1013 1089)
6(1093 1094 4613 6213 1015 1091)
6(1095 1096 4653 6253 1017 1093)
6(1097 1098 4693 6293 1019 1095)
6(1099 1100 4733 6333 1021 1097)
6(1101 1102 4773 6373 1023 1099)
6(1103 1104 4813 6413 1025 1101)
6(1105 3173 4853 6453 1026 1103)
6(1106 1107 3134 3294 4894 1028)
6(1108 1109 3334 4934 1030 1106)
6(1110 1111 3374 4974 1032 1108)
6(1112 1113 3414 5014 1034 1110)
6(1114 1115 3454 5054 1036 1112)
6(1116 1117 3494 5094 1038 1114)
6(1118 1119 3534 5134 1040 1116)
6(1120 1121 3574 5174 1042 1118)
6(1122 1123 3614 5214 1044 1120)
6(1124 1125 3654 5254 1046 1122)
6(1126 1127 3694 5294 1048 1124)
6(1128 1129 3734 5334 1050 1126)
6(1130 1131 3774 5374 1052 1128)
6(1132 1133 3814 5414 1054 1130)
6(1134 1135 3854 5454 1056 1132)
6(1136 1137 3894 5494 1058 1134)
6(1138 1139 3934 5534 1060 1136)
6(1140 1141 3974 5574 1062 1138)
6(1142 1143 4014 5614 1064 1140)
6(1144 1145 4054 5654 1066 1142)
6(1146 1147 4094 5694 1068 1144)
6(1148 1149 4134 5734 1070 1146)
6(1150 1151 4174 5774 1072 1148)
6(1152 1153 4214 5814 1074 1150)
6(1154 1155 4254 5854 1076 1152)
6(1156 1157 4294 5894 1078 1154)
6(1158 1159 4334 5934 1080 1156)
6(1160 1161 4374 5974 1082 1158)
6(1162 1163 4414 6014 1084 1160)
6(1164 1165 4454 6054 1086 1162)
6(1166 1167 4494 6094 1088 1164)
6(1168 1169 4534 6134 1090 1166)
6(1170 1171 4574 6174 1092 1168)
6(1172 1173 4614 6214 1094 1170)
6(1174 1175 4654 6254 1096 1172)
6(1176 1177 4694 6294 1098 1174)
6(1178 1179 4734 6334 1100 1176)
6(1180 1181 4774 6374 1102 1178)
6(1182 1183 4814 6414 1104 1180)
6(1184 3174 4854 6454 1105 1182)
6(1185 1186 3135 3295 4895 1107)
6(1187 1188 3335 4935 1109 1185)
6(1189 1190 3375 4975 1111 1187)
6(1191 1192 3415 5015 1113 1189)
6(1193 1194 3455 5055 1115 1191)
6(1195 1196 3495 5095 1117 1193)
6(1197 1198 3535 5135 1119 1195)
6(1199 1200 3575 5175 1121 1197)
6(1201 1202 3615 5215 1123 1199)
6(1203 1204 3655 5255 1125 1201)
6(1205 1206 3695 5295 1127 1203)
6(1207 1208 3735 5335 1129 1205)
6(1209 1210 3775 5375 1131 1207)
6(1211 1212 3815 5415 1133 1209)
6(1213 1214 3855 5455 1135 1211)
6(1215 1216 3895 5495 1137 1213)
6(1217 1218 3935 5535 1139 1215)
6(1219 1220 3975 5575 1141 1217)
6(1221 1222 4015 5615 1143 1219)
6(1223 1224 4055 5655 1145 1221)
6(1225 1226 4095 5695 1147 1223)
6(1227 1228 4135 5735 1149 1225)
6(1229 1230 4175 5775 1151 1227)
6(1231 1232 4215 5815 1153 1229)
6(1233 1234 4255 5855 1155 1231)
6(1235 1236 4295 5895 1157 1233)
6(1237 1238 4335 5935 1159 1235)
6(1239 1240 4375 5975 1161 1237)
6(1241 1242 4415 6015 1163 1239)
6(1243 1244 4455 6055 1165 1241)
6(1245 1246 4495 6095 1167 1243)
6(1247 1248 4535 6135 1169 1245)
6(1249 1250 4575 6175 1171 1247)
6(1251 1252 4615 6215 1173 1249)
6(1253 1254 4655 6255 1175 1251)
6(1255 1256 4695 6295 1177 1253)
6(1257 1258 4735 6335 1179 1255)
6(1259 1260 4775 6375 1181 1257)
6(1261 1262 4815 6415 1183 1259)
6(1263 3175 4855 6455 1184 1261)
6(1264 1265 3136 3296 4896 1186)
6(1266 1267 3336 4936 1188 1264)
6(1268 1269 3376 4976 1190 1266)
6(1270 1271 3416 5016 1192 1268)
6(1272 1273 3456 5056 1194 1270)
6(1274 1275 3496 5096 1196 1272)
6(1276 1277 3536 5136 1198 1274)
6(1278 1279 3576 5176 1200 1276)
6(1280 1281 3616 5216 1202 1278)
6(1282 1283 3656 5256 1204 1280)
6(1284 1285 3696 5296 1206 1282)
6(1286 1287 3736 5336 1208 1284)
6(1288 1289 3776 5376 1210 1286)
6(1290 1291 3816 5416 1212 1288)
6(1292 1293 3856 5456 1214 1290)
6(1294 1295 3896 5496 1216 1292)
6(1296 1297 3936 5536 1218 1294)
6(1298 1299 3976 5576 1220 1296)
6(1300 1301 4016 5616 1222 1298)
6(1302 1303 4056 5656 1224 1300)
6(1304 1305 4096 5696 1226 1302)
6(1306 1307 4136 5736 1228 1304)
6(1308 1309 4176 5776 1230 1306)
6(1310 1311 4216 5816 1232 1308)
6(1312 1313 4256 5856 1234 1310)
6(1314 1315 4296 5896 1236 1312)
6(1316 1317 4336 5936 1238 1314)
6(1318 1319 4376 5976 1240 1316)
6(1320 1321 4416 6016 1242 1318)
6(1322 1323 4456 6056 1244 1320)
6(1324 1325 4496 6096 1246 1322)
6(1326 1327 4536 6136 1248 1324)
6(1328 1329 4576 6176 1250 1326)
6(1330 1331 4616 6216 1252 1328)
6(1332 1333 4656 6256 1254 1330)
6(1334 1335 4696 6296 1256 1332)
6(1336 1337 4736 6336 1258 1334)
6(1338 1339 4776 6376 1260 1336)
6(1340 1341 4816 6416 1262 1338)
6(1342 3176 4856 6456 1263 1340)
6(1343 1344 3137 3297 4897 1265)
6(1345 1346 3337 4937 1267 1343)
6(1347 1348 3377 4977 1269 1345)
6(1349 1350 3417 5017 1271 1347)
6(1351 1352 3457 5057 1273 1349)
6(1353 1354 3497 5097 1275 1351)
6(1355 1356 3537 5137 1277 1353)
6(1357 1358 3577 5177 1279 1355)
6(1359 1360 3617 5217 1281 1357)
6(1361 1362 3657 5257 1283 1359)
6(1363 1364 3697 5297 1285 1361)
6(1365 1366 3737 5337 1287 1363)
6(1367 1368 3777 5377 1289 1365)
6(1369 1370 3817 5417 1291 1367)
6(1371 1372 3857 5457 1293 1369)
6(1373 1374 3897 5497 1295 1371)
6(1375 1376 3937 5537 1297 1373)
6(1377 1378 3977 5577 1299 1375)
6(1379 1380 4017 5617 1301 1377)
6(1381 1382 4057 5657 1303 1379)
6(1383 1384 4097 5697 1305 1381)
6(1385 1386 4137 5737 1307 1383)
6(1387 1388 4177 5777 1309 1385)
6(1389 1390 4217 5817 1311 1387)
6(1391 1392 4257 5857 1313 1389)
6(1393 1394 4297 5897 1315 1391)
6(1395 1396 4337 5937 1317 1393)
6(1397 1398 4377 5977 1319 1395)
6(1399 1400 4417 6017 1321 1397)
6(1401 1402 4457 6057 1323 1399)
6(1403 1404 4497 6097 1325 1401)
6(1405 1406 4537 6137 1327 1403)
6(1407 1408 4577 6177 1329 1405)
6(1409 1410 4617 6217 1331 1407)
6(1411 1412 4657 6257 1333 1409)
6(1413 1414 4697 6297 1335 1411)
6(1415 1416 4737 6337 1337 1413)
6(1417 1418 4777 6377 1339 1415)
6(1419 1420 4817 6417 1341 1417)
6(1421 3177 4857 6457 1342 1419)
6(1422 1423 3138 3298 4898 1344)
6(1424 1425 3338 4938 1346 1422)
6(1426 1427 3378 4978 1348 1424)
6(1428 1429 3418 5018 1350 1426)
6(1430 1431 3458 5058 1352 1428)
6(1432 1433 3498 5098 1354 1430)
6(1434 1435 3538 5138 1356 1432)
6(1436 1437 3578 5178 1358 1434)
6(1438 1439 3618 5218 1360 1436)
6(1440 1441 3658 5258 1362 1438)
6(1442 1443 3698 5298 1364 1440)
6(1444 1445 3738 5338 1366 1442)
6(1446 1447 3778 5378 1368 1444)
6(1448 1449 3818 5418 1370 1446)
6(1450 1451 3858 5458 1372 1448)
6(1452 1453 3898 5498 1374 1450)
6(1454 1455 3938 5538 1376 1452)
6(1456 1457 3978 5578 1378 1454)
6(1458 1459 4018 5618 1380 1456)
6(1460 1461 4058 5658 1382 1458)
6(1462 1463 4098 5698 1384 1460)
6(1464 1465 4138 5738 1386 1462)
6(1466 1467 4178 5778 1388 1464)
6(1468 1469 4218 5818 1390 1466)
6(1470 1471 4258 5858 1392 1468)
6(1472 1473 4298 5898 1394 1470)
6(1474 1475 4338 5938 1396 1472)
6(1476 1477 4378 5978 1398 1474)
6(1478 1479 4418 6018 1400 1476)
6(1480 1481 4458 6058 1402 1478)
6(1482 1483 4498 6098 1404 1480)
6(1484 1485 4538 6138 1406 1482)
6(1486 1487 4578 6178 1408 1484)
6(1488 1489 4618 6218 1410 1486)
6(1490 1491 4658 6258 1412 1488)
6(1492 1493 4698 6298 1414 1490)
6(1494 1495 4738 6338 1416 1492)
6(1496 1497 4778 6378 1418 1494)
6(1498 1499 4818 6418 1420 1496)
6(1500 3178 4858 6458 1421 1498)
6(1501 1502 3139 3299 4899 1423)
6(1503 1504 3339 4939 1425 1501)
6(1505 1506 3379 4979 1427 1503)
6(1507 1508 3419 5019 1429 1505)
6(1509 1510 3459 5059 1431 1507)
6(1511 1512 3499 5099 1433 1509)
6(1513 1514 3539 5139 1435 1511)
6(1515 1516 3579 5179 1437 1513)
6(1517 1518 3619 5219 1439 1515)
6(1519 1520 3659 5259 1441 1517)
6(1521 1522 3699 5299 1443 1519)
6(1523 1524 3739 5339 1445 1521)
6(1525 1526 3779 5379 1447 1523)
6(1527 1528 3819 5419 1449 1525)
6(1529 1530 3859 5459 1451 1527)
6(1531 1532 3899 5499 1453 1529)
6(1533 1534 3939 5539 1455 1531)
6(1535 1536 3979 5579 1457 1533)
6(1537 1538 4019 5619 1459 1535)
6(1539 1540 4059 5659 1461 1537)
6(1541 1542 4099 5699 1463 1539)
6(1543 1544 4139 5739 1465 1541)
6(1545 1546 4179 5779 1467 1543)
6(1547 1548 4219 5819 1469 1545)
6(1549 1550 4259 5859 1471 1547)
6(1551 1552 4299 5899 1473 1549)
6(1553 1554 4339 5939 1475 1551)
6(1555 1556 4379 5979 1477 1553)
6(1557 1558 4419 6019 1479 1555)
6(1559 1560 4459 6059 1481 1557)
6(1561 1562 4499 6099 1483 1559)
6(1563 1564 4539 6139 1485 1561)
6(1565 1566 4579 6179 1487 1563)
6(1567 1568 4619 6219 1489 1565)
6(1569 1570 4659 6259 1491 1567)
6(1571 1572 4699 6299 1493 1569)
6(1573 1574 4739 6339 1495 1571)
6(1575 1576 4779 6379 1497 1573)
6(1577 1578 4819 6419 1499 1575)
6(1579 3179 4859 6459 1500 1577)
6(1580 1581 3140 3300 4900 1502)
6(1582 1583 3340 4940 1504 1580)
6(1584 1585 3380 4980 1506 1582)
6(1586 1587 3420 5020 1508 1584)
6(1588 1589 3460 5060 1510 1586)
6(1590 1591 3500 5100 1512 1588)
6(1592 1593 3540 5140 1514 1590)
6(1594 1595 3580 5180 1516 1592)
6(1596 1597 3620 5220 1518 1594)
6(1598 1599 3660 5260 1520 1596)
6(1600 1601 3700 5300 1522 1598)
6(1602 1603 3740 5340 1524 1600)
6(1604 1605 3780 5380 1526 1602)
6(1606 1607 3820 5420 1528 1604)
6(1608 1609 3860 5460 1530 1606)
6(1610 1611 3900 5500 1532 1608)
6(1612 1613 3940 5540 1534 1610)
6(1614 1615 3980 5580 1536 1612)
6(1616 1617 4020 5620 1538 1614)
6(1618 1619 4060 5660 1540 1616)
6(1620 1621 4100 5700 1542 1618)
6(1622 1623 4140 5740 1544 1620)
6(1624 1625 4180 5780 1546 1622)
6(1626 1627 4220 5820 1548 1624)
6(1628 1629 4260 5860 1550 1626)
6(1630 1631 4300 5900 1552 1628)
6(1632 1633 4340 5940 1554 1630)
6(1634 1635 4380 5980 1556 1632)
6(1636 1637 4420 6020 1558 1634)
6(1638 1639 4460 6060 1560 1636)
6(1640 1641 4500 6100 1562 1638)
6(1642 1643 4540 6140 1564 1640)
6(1644 1645 4580 6180 1566 1642)
6(1646 1647 4620 6220 1568 1644)
6(1648 1649 4660 6260 1570 1646)
6(1650 1651 4700 6300 1572 1648)
6(1652 1653 4740 6340 1574 1650)
6(1654 1655 4780 6380 1576 1652)
6(1656 1657 4820 6420 1578 1654)
6(1658 3180 4860 6460 1579 1656)
6(1659 1660 3141 3301 4901 1581)
6(1661 1662 3341 4941 1583 1659)
6(1663 1664 3381 4981 1585 1661)
6(1665 1666 3421 5021 1587 1663)
6(1667 1668 3461 5061 1589 1665)
6(1669 1670 3501 5101 1591 1667)
6(1671 1672 3541 5141 1593 1669)
6(1673 1674 3581 5181 1595 1671)
6(1675 1676 3621 5221 1597 1673)
6(1677 1678 3661 5261 1599 1675)
6(1679 1680 3701 5301 1601 1677)
6(1681 1682 3741 5341 1603 1679)
6(1683 1684 3781 5381 1605 1681)
6(1685 1686 3821 5421 1607 1683)
6(1687 1688 3861 5461 1609 1685)
6(1689 1690 3901 5501 1611 1687)
6(1691 1692 3941 5541 1613 1689)
6(1693 1694 3981 5581 1615 1691)
6(1695 1696 4021 5621 1617 1693)
6(1697 1698 4061 5661 1619 1695)
6(1699 1700 4101 5701 1621 1697)
6(1701 1702 4141 5741 1623 1699)
6(1703 1704 4181 5781 1625 1701)
6(1705 1706 4221 5821 1627 1703)
6(1707 1708 4261 5861 1629 1705)
6(1709 1710 4301 5901 1631 1707)
6(1711 1712 4341 5941 1633 1709)
6(1713 1714 4381 5981 1635 1711)
6(1715 1716 4421 6021 1637 1713)
6(1717 1718 4461 6061 1639 1715)
6(1719 1720 4501 6101 1641 1717)
6(1721 1722 4541 6141 1643 1719)
6(1723 1724 4581 6181 1645 1721)
6(1725 1726 4621 6221 1647 1723)
6(1727 1728 4661 6261 1649 1725)
6(1729 1730 4701 6301 1651 1727)
6(1731 1732 4741 6341 1653 1729)
6(1733 1734 4781 6381 1655 1731)
6(1735 1736 4821 6421 1657 1733)
6(1737 3181 4861 6461 1658 1735)
6(1738 1739 3142 3302 4902 1660)
6(1740 1741 3342 4942 1662 1738)
6(1742 1743 3382 4982 1664 1740)
6(1744 1745 3422 5022 1666 1742)
6(1746 1747 3462 5062 1668 1744)
6(1748 1749 3502 5102 1670 1746)
6(1750 1751 3542 5142 1672 1748)
6(1752 1753 3582 5182 1674 1750)
6(1754 1755 3622 5222 1676 1752)
6(1756 1757 3662 5262 1678 1754)
6(1758 1759 3702 5302 1680 1756)
6(1760 1761 3742 5342 1682 1758)
6(1762 1763 3782 5382 1684 1760)
6(1764 1765 3822 5422 1686 1762)
6(1766 1767 3862 5462 1688 1764)
6(1768 1769 3902 5502 1690 1766)
6(1770 1771 3942 5542 1692 1768)
6(1772 1773 3982 5582 1694 1770)
6(1774 1775 4022 5622 1696 1772)
6(1776 1777 4062 5662 1698 1774)
6(1778 1779 4102 5702 1700 1776)
6(1780 1781 4142 5742 1702 1778)
6(1782 1783 4182 5782 1704 1780)
6(1784 1785 4222 5822 1706 1782)
6(1786 1787 4262 5862 1708 1784)
6(1788 1789 4302 5902 1710 1786)
6(1790 1791 4342 5942 1712 1788)
6(1792 1793 4382 5982 1714 1790)
6(1794 1795 4422 6022 1716 1792)
6(1796 1797 4462 6062 1718 1794)
6(1798 1799 4502 6102 1720 1796)
6(1800 1801 4542 6142 1722 1798)
6(1802 1803 4582 6182 1724 1800)
6(1804 1805 4622 6222 1726 1802)
6(1806 1807 4662 6262 1728 1804)
6(1808 1809 4702 6302 1730 1806)
6(1810 1811 4742 6342 1732 1808)
6(1812 1813 4782 6382 1734 1810)
6(1814 1815 4822 6422 1736 1812)
6(1816 3182 4862 6462 1737 1814)
6(1817 1818 3143 3303 4903 1739)
6(1819 1820 3343 4943 1741 1817)
6(1821 1822 3383 4983 1743 1819)
6(1823 1824 3423 5023 1745 1821)
6(1825 1826 3463 5063 1747 1823)
6(1827 1828 3503 5103 1749 1825)
6(1829 1830 3543 5143 1751 1827)
6(1831 1832 3583 5183 1753 1829)
6(1833 1834 3623 5223 1755 1831)
6(1835 1836 3663 5263 1757 1833)
6(1837 1838 3703 5303 1759 1835)
6(1839 1840 3743 5343 1761 1837)
6(1841 1842 3783 5383 1763 1839)
6(1843 1844 3823 5423 1765 1841)
6(1845 1846 3863 5463 1767 1843)
6(1847 1848 3903 5503 1769 1845)
6(1849 1850 3943 5543 1771 1847)
6(1851 1852 3983 5583 1773 1849)
6(1853 1854 4023 5623 1775 1851)
6(1855 1856 4063 5663 1777 1853)
6(1857 1858 4103 5703 1779 1855)
6(1859 1860 4143 5743 1781 1857)
6(1861 1862 4183 5783 1783 1859)
6(1863 1864 4223 5823 1785 1861)
6(1865 1866 4263 5863 1787 1863)
6(1867 1868 4303 5903 1789 1865)
6(1869 1870 4343 5943 1791 1867)
6(1871 1872 4383 5983 1793 1869)
6(1873 1874 4423 6023 1795 1871)
6(1875 1876 4463 6063 1797 1873)
6(1877 1878 4503 6103 1799 1875)
6(1879 1880 4543 6143 1801 1877)
6(1881 1882 4583 6183 1803 1879)
6(1883 1884 4623 6223 1805 1881)
6(1885 1886 4663 6263 1807 1883)
6(1887 1888 4703 6303 1809 1885)
6(1889 1890 4743 6343 1811 1887)
6(1891 1892 4783 6383 1813 1889)
6(1893 1894 4823 6423 1815 1891)
6(1895 3183 4863 6463 1816 1893)
6(1896 1897 3144 3304 4904 1818)
6(1898 1899 3344 4944 1820 1896)
6(1900 1901 3384 4984 1822 1898)
6(1902 1903 3424 5024 1824 1900)
6(1904 1905 3464 5064 1826 1902)
6(1906 1907 3504 5104 1828 1904)
6(1908 1909 3544 5144 1830 1906)
6(1910 1911 3584 5184 1832 1908)
6(1912 1913 3624 5224 1834 1910)
6(1914 1915 3664 5264 1836 1912)
6(1916 1917 3704 5304 1838 1914)
6(1918 1919 3744 5344 1840 1916)
6(1920 1921 3784 5384 1842 1918)
6(1922 1923 3824 5424 1844 1920)
6(1924 1925 3864 5464 1846 1922)
6(1926 1927 3904 5504 1848 1924)
6(1928 1929 3944 5544 1850 1926)
6(1930 1931 3984 5584 1852 1928)
6(1932 1933 4024 5624 1854 1930)
6(1934 1935 4064 5664 1856 1932)
6(1936 1937 4104 5704 1858 1934)
6(1938 1939 4144 5744 1860 1936)
6(1940 1941 4184 5784 1862 1938)
6(1942 1943 4224 5824 1864 1940)
6(1944 1945 4264 5864 1866 1942)
6(1946 1947 4304 5904 1868 1944)
6(1948 1949 4344 5944 1870 1946)
6(1950 1951 4384 5984 1872 1948)
6(1952 1953 4424 6024 1874 1950)
6(1954 1955 4464 6064 1876 1952)
6(1956 1957 4504 6104 1878 1954)
6(1958 1959 4544 6144 1880 1956)
6(1960 1961 4584 6184 1882 1958)
6(1962 1963 4624 6224 1884 1960)
6(1964 1965 4664 6264 1886 1962)
6(1966 1967 4704 6304 1888 1964)
6(1968 1969 4744 6344 1890 1966)
6(1970 1971 4784 6384 1892 1968)
6(1972 1973 4824 6424 1894 1970)
6(1974 3184 4864 6464 1895 1972)
6(1975 1976 3145 3305 4905 1897)
6(1977 1978 3345 4945 1899 1975)
6(1979 1980 3385 4985 1901 1977)
6(1981 1982 3425 5025 1903 1979)
6(1983 1984 3465 5065 1905 1981)
6(1985 1986 3505 5105 1907 1983)
6(1987 1988 3545 5145 1909 1985)
6(1989 1990 3585 5185 1911 1987)
6(1991 1992 3625 5225 1913 1989)
6(1993 1994 3665 5265 1915 1991)
6(1995 1996 3705 5305 1917 1993)
6(1997 1998 3745 5345 1919 1995)
6(1999 2000 3785 5385 1921 1997)
6(2001 2002 3825 5425 1923 1999)
6(2003 2004 3865 5465 1925 2001)
6(2005 2006 3905 5505 1927 2003)
6(2007 2008 3945 5545 1929 2005)
6(2009 2010 3985 5585 1931 2007)
6(2011 2012 4025 5625 1933 2009)
6(2013 2014 4065 5665 1935 2011)
6(2015 2016 4105 5705 1937 2013)
6(2017 2018 4145 5745 1939 2015)
6(2019 2020 4185 5785 1941 2017)
6(2021 2022 4225 5825 1943 2019)
6(2023 2024 4265 5865 1945 2021)
6(2025 2026 4305 5905 1947 2023)
6(2027 2028 4345 5945 1949 2025)
6(2029 2030 4385 5985 1951 2027)
6(2031 2032 4425 6025 1953 2029)
6(2033 2034 4465 6065 1955 2031)
6(2035 2036 4505 6105 1957 2033)
6(2037 2038 4545 6145 1959 2035)
6(2039 2040 4585 6185 1961 2037)
6(2041 2042 4625 6225 1963 2039)
6(2043 2044 4665 6265 1965 2041)
6(2045 2046 4705 6305 1967 2043)
6(2047 2048 4745 6345 1969 2045)
6(2049 2050 4785 6385 1971 2047)
6(2051 2052 4825 6425 1973 2049)
6(2053 3185 4865 6465 1974 2051)
6(2054 2055 3146 3306 4906 1976)
6(2056 2057 3346 4946 1978 2054)
6(2058 2059 3386 4986 1980 2056)
6(2060 2061 3426 5026 1982 2058)
6(2062 2063 3466 5066 1984 2060)
6(2064 2065 3506 5106 1986 2062)
6(2066 2067 3546 5146 1988 2064)
6(2068 2069 3586 5186 1990 2066)
6(2070 2071 3626 5226 1992 2068)
6(2072 2073 3666 5266 1994 2070)
6(2074 2075 3706 5306 1996 2072)
6(2076 2077 3746 5346 1998 2074)
6(2078 2079 3786 5386 2000 2076)
6(2080 2081 3826 5426 2002 2078)
6(2082 2083 3866 5466 2004 2080)
6(2084 2085 3906 5506 2006 2082)
6(2086 2087 3946 5546 2008 2084)
6(2088 2089 3986 5586 2010 2086)
6(2090 2091 4026 5626 2012 2088)
6(2092 2093 4066 5666 2014 2090)
6(2094 2095 4106 5706 2016 2092)
6(2096 2097 4146 5746 2018 2094)
6(2098 2099 4186 5786 2020 2096)
6(2100 2101 4226 5826 2022 2098)
6(2102 2103 4266 5866 2024 2100)
6(2104 2105 4306 5906 2026 2102)
6(2106 2107 4346 5946 2028 2104)
6(2108 2109 4386 5986 2030 2106)
6(2110 2111 4426 6026 2032 2108)
6(2112 2113 4466 6066 2034 2110)
6(2114 2115 4506 6106 2036 2112)
6(2116 2117 4546 6146 2038 2114)
6(2118 2119 4586 6186 2040 2116)
6(2120 2121 4626 6226 2042 2118)
6(2122 2123 4666 6266 2044 2120)
6(2124 2125 4706 6306 2046 2122)
6(2126 2127 4746 6346 2048 2124)
6(2128 2129 4786 6386 2050 2126)
6(2130 2131 4826 6426 2052 2128)
6(2132 3186 4866 6466 2053 2130)
6(2133 2134 3147 3307 4907 2055)
6(2135 2136 3347 4947 2057 2133)
6(2137 2138 3387 4987 2059 2135)
6(2139 2140 3427 5027 2061 2137)
6(2141 2142 3467 5067 2063 2139)
6(2143 2144 3507 5107 2065 2141)
6(2145 2146 3547 5147 2067 2143)
6(2147 2148 3587 5187 2069 2145)
6(2149 2150 3627 5227 2071 2147)
6(2151 2152 3667 5267 2073 2149)
6(2153 2154 3707 5307 2075 2151)
6(2155 2156 3747 5347 2077 2153)
6(2157 2158 3787 5387 2079 2155)
6(2159 2160 3827 5427 2081 2157)
6(2161 2162 3867 5467 2083 2159)
6(2163 2164 3907 5507 2085 2161)
6(2165 2166 3947 5547 2087 2163)
6(2167 2168 3987 5587 2089 2165)
6(2169 2170 4027 5627 2091 2167)
6(2171 2172 4067 5667 2093 2169)
6(2173 2174 4107 5707 2095 2171)
6(2175 2176 4147 5747 2097 2173)
6(2177 2178 4187 5787 2099 2175)
6(2179 2180 4227 5827 2101 2177)
6(2181 2182 4267 5867 2103 2179)
6(2183 2184 4307 5907 2105 2181)
6(2185 2186 4347 5947 2107 2183)
6(2187 2188 4387 5987 2109 2185)
6(2189 2190 4427 6027 2111 2187)
6(2191 2192 4467 6067 2113 2189)
6(2193 2194 4507 6107 2115 2191)
6(2195 2196 4547 6147 2117 2193)
6(2197 2198 4587 6187 2119 2195)
6(2199 2200 4627 6227 2121 2197)
6(2201 2202 4667 6267 2123 2199)
6(2203 2204 4707 6307 2125 2201)
6(2205 2206 4747 6347 2127 2203)
6(2207 2208 4787 6387 2129 2205)
6(2209 2210 4827 6427 2131 2207)
6(2211 3187 4867 6467 2132 2209)
6(2212 2213 3148 3308 4908 2134)
6(2214 2215 3348 4948 2136 2212)
6(2216 2217 3388 4988 2138 2214)
6(2218 2219 3428 5028 2140 2216)
6(2220 2221 3468 5068 2142 2218)
6(2222 2223 3508 5108 2144 2220)
6(2224 2225 3548 5148 2146 2222)
6(2226 2227 3588 5188 2148 2224)
6(2228 2229 3628 5228 2150 2226)
6(2230 2231 3668 5268 2152 2228)
6(2232 2233 3708 5308 2154 2230)
6(2234 2235 3748 5348 2156 2232)
6(2236 2237 3788 5388 2158 2234)
6(2238 2239 3828 5428 2160 2236)
6(2240 2241 3868 5468 2162 2238)
6(2242 2243 3908 5508 2164 2240)
6(2244 2245 3948 5548 2166 2242)
6(2246 2247 3988 5588 2168 2244)
6(2248 2249 4028 5628 2170 2246)
6(2250 2251 4068 5668 2172 2248)
6(2252 2253 4108 5708 2174 2250)
6(2254 2255 4148 5748 2176 2252)
6(2256 2257 4188 5788 2178 2254)
6(2258 2259 4228 5828 2180 2256)
6(2260 2261 4268 5868 2182 2258)
6(2262 2263 4308 5908 2184 2260)
6(2264 2265 4348 5948 2186 2262)
6(2266 2267 4388 5988 2188 2264)
6(2268 2269 4428 6028 2190 2266)
6(2270 2271 4468 6068 2192 2268)
6(2272 2273 4508 6108 2194 2270)
6(2274 2275 4548 6148 2196 2272)
6(2276 2277 4588 6188 2198 2274)
6(2278 2279 4628 6228 2200 2276)
6(2280 2281 4668 6268 2202 2278)
6(2282 2283 4708 6308 2204 2280)
6(2284 2285 4748 6348 2206 2282)
6(2286 2287 4788 6388 2208 2284)
6(2288 2289 4828 6428 2210 2286)
6(2290 3188 4868 6468 2211 2288)
6(2291 2292 3149 3309 4909 2213)
6(2293 2294 3349 4949 2215 2291)
6(2295 2296 3389 4989 2217 2293)
6(2297 2298 3429 5029 2219 2295)
6(2299 2300 3469 5069 2221 2297)
6(2301 2302 3509 5109 2223 2299)
6(2303 2304 3549 5149 2225 2301)
6(2305 2306 3589 5189 2227 2303)
6(2307 2308 3629 5229 2229 2305)
6(2309 2310 3669 5269 2231 2307)
6(2311 2312 3709 5309 2233 2309)
6(2313 2314 3749 5349 2235 2311)
6(2315 2316 3789 5389 2237 2313)
6(2317 2318 3829 5429 2239 2315)
6(2319 2320 3869 5469 2241 2317)
6(2321 2322 3909 5509 2243 2319)
6(2323 2324 3949 5549 2245 2321)
6(2325 2326 3989 5589 2247 2323)
6(2327 2328 4029 5629 2249 2325)
6(2329 2330 4069 5669 2251 2327)
6(2331 2332 4109 5709 2253 2329)
6(2333 2334 4149 5749 2255 2331)
6(2335 2336 4189 5789 2257 2333)
6(2337 2338 4229 5829 2259 2335)
6(2339 2340 4269 5869 2261 2337)
6(2341 2342 4309 5909 2263 2339)
6(2343 2344 4349 5949 2265 2341)
6(2345 2346 4389 5989 2267 2343)
6(2347 2348 4429 6029 2269 2345)
6(2349 2350 4469 6069 2271 2347)
6(2351 2352 4509 6109 2273 2349)
6(2353 2354 4549 6149 2275 2351)
6(2355 2356 4589 6189 2277 2353)
6(2357 2358 4629 6229 2279 2355)
6(2359 2360 4669 6269 2281 2357)
6(2361 2362 4709 6309 2283 2359)
6(2363 2364 4749 6349 2285 2361)
6(2365 2366 4789 6389 2287 2363)
6(2367 2368 4829 6429 2289 2365)
6(2369 3189 4869 6469 2290 2367)
6(2370 2371 3150 3310 4910 2292)
6(2372 2373 3350 4950 2294 2370)
6(2374 2375 3390 4990 2296 2372)
6(2376 2377 3430 5030 2298 2374)
6(2378 2379 3470 5070 2300 2376)
6(2380 2381 3510 5110 2302 2378)
6(2382 2383 3550 5150 2304 2380)
6(2384 2385 3590 5190 2306 2382)
6(2386 2387 3630 5230 2308 2384)
6(2388 2389 3670 5270 2310 2386)
6(2390 2391 3710 5310 2312 2388)
6(2392 2393 3750 5350 2314 2390)
6(2394 2395 3790 5390 2316 2392)
6(2396 2397 3830 5430 2318 2394)
6(2398 2399 3870 5470 2320 2396)
6(2400 2401 3910 5510 2322 2398)
6(2402 2403 3950 5550 2324 2400)
6(2404 2405 3990 5590 2326 2402)
6(2406 2407 4030 5630 2328 2404)
6(2408 2409 4070 5670 2330 2406)
6(2410 2411 4110 5710 2332 2408)
6(2412 2413 4150 5750 2334 2410)
6(2414 2415 4190 5790 2336 2412)
6(2416 2417 4230 5830 2338 2414)
6(2418 2419 4270 5870 2340 2416)
6(2420 2421 4310 5910 2342 2418)
6(2422 2423 4350 5950 2344 2420)
6(2424 2425 4390 5990 2346 2422)
6(2426 2427 4430 6030 2348 2424)
6(2428 2429 4470 6070 2350 2426)
6(2430 2431 4510 6110 2352 2428)
6(2432 2433 4550 6150 2354 2430)
6(2434 2435 4590 6190 2356 2432)
6(2436 2437 4630 6230 2358 2434)
6(2438 2439 4670 6270 2360 2436)
6(2440 2441 4710 6310 2362 2438)
6(2442 2443 4750 6350 2364 2440)
6(2444 2445 4790 6390 2366 2442)
6(2446 2447 4830 6430 2368 2444)
6(2448 3190 4870 6470 2369 2446)
6(2449 2450 3151 3311 4911 2371)
6(2451 2452 3351 4951 2373 2449)
6(2453 2454 3391 4991 2375 2451)
6(2455 2456 3431 5031 2377 2453)
6(2457 2458 3471 5071 2379 2455)
6(2459 2460 3511 5111 2381 2457)
6(2461 2462 3551 5151 2383 2459)
6(2463 2464 3591 5191 2385 2461)
6(2465 2466 3631 5231 2387 2463)
6(2467 2468 3671 5271 2389 2465)
6(2469 2470 3711 5311 2391 2467)
6(2471 2472 3751 5351 2393 2469)
6(2473 2474 3791 5391 2395 2471)
6(2475 2476 3831 5431 2397 2473)
6(2477 2478 3871 5471 2399 2475)
6(2479 2480 3911 5511 2401 2477)
6(2481 2482 3951 5551 2403 2479)
6(2483 2484 3991 5591 2405 2481)
6(2485 2486 4031 5631 2407 2483)
6(2487 2488 4071 5671 2409 2485)
6(2489 2490 4111 5711 2411 2487)
6(2491 2492 4151 5751 2413 2489)
6(2493 2494 4191 5791 2415 2491)
6(2495 2496 4231 5831 2417 2493)
6(2497 2498 4271 5871 2419 2495)
6(2499 2500 4311 5911 2421 2497)
6(2501 2502 4351 5951 2423 2499)
6(2503 2504 4391 5991 2425 2501)
6(2505 2506 4431 6031 2427 2503)
6(2507 2508 4471 6071 2429 2505)
6(2509 2510 4511 6111 2431 2507)
6(2511 2512 4551 6151 2433 2509)
6(2513 2514 4591 6191 2435 2511)
6(2515 2516 4631 6231 2437 2513)
6(2517 2518 4671 6271 2439 2515)
6(2519 2520 4711 6311 2441 2517)
6(2521 2522 4751 6351 2443 2519)
6(2523 2524 4791 6391 2445 2521)
6(2525 2526 4831 6431 2447 2523)
6(2527 3191 4871 6471 2448 2525)
6(2528 2529 3152 3312 4912 2450)
6(2530 2531 3352 4952 2452 2528)
6(2532 2533 3392 4992 2454 2530)
6(2534 2535 3432 5032 2456 2532)
6(2536 2537 3472 5072 2458 2534)
6(2538 2539 3512 5112 2460 2536)
6(2540 2541 3552 5152 2462 2538)
6(2542 2543 3592 5192 2464 2540)
6(2544 2545 3632 5232 2466 2542)
6(2546 2547 3672 5272 2468 2544)
6(2548 2549 3712 5312 2470 2546)
6(2550 2551 3752 5352 2472 2548)
6(2552 2553 3792 5392 2474 2550)
6(2554 2555 3832 5432 2476 2552)
6(2556 2557 3872 5472 2478 2554)
6(2558 2559 3912 5512 2480 2556)
6(2560 2561 3952 5552 2482 2558)
6(2562 2563 3992 5592 2484 2560)
6(2564 2565 4032 5632 2486 2562)
6(2566 2567 4072 5672 2488 2564)
6(2568 2569 4112 5712 2490 2566)
6(2570 2571 4152 5752 2492 2568)
6(2572 2573 4192 5792 2494 2570)
6(2574 2575 4232 5832 2496 2572)
6(2576 2577 4272 5872 2498 2574)
6(2578 2579 4312 5912 2500 2576)
6(2580 2581 4352 5952 2502 2578)
6(2582 2583 4392 5992 2504 2580)
6(2584 2585 4432 6032 2506 2582)
6(2586 2587 4472 6072 2508 2584)
6(2588 2589 4512 6112 2510 2586)
6(2590 2591 4552 6152 2512 2588)
6(2592 2593 4592 6192 2514 2590)
6(2594 2595 4632 6232 2516 2592)
6(2596 2597 4672 6272 2518 2594)
6(2598 2599 4712 6312 2520 2596)
6(2600 2601 4752 6352 2522 2598)
6(2602 2603 4792 6392 2524 2600)
6(2604 2605 4832 6432 2526 2602)
6(2606 3192 4872 6472 2527 2604)
6(2607 2608 3153 3313 4913 2529)
6(2609 2610 3353 4953 2531 2607)
6(2611 2612 3393 4993 2533 2609)
6(2613 2614 3433 5033 2535 2611)
6(2615 2616 3473 5073 2537 2613)
6(2617 2618 3513 5113 2539 2615)
6(2619 2620 3553 5153 2541 2617)
6(2621 2622 3593 5193 2543 2619)
6(2623 2624 3633 5233 2545 2621)
6(2625 2626 3673 5273 2547 2623)
6(2627 2628 3713 5313 2549 2625)
6(2629 2630 3753 5353 2551 2627)
6(2631 2632 3793 5393 2553 2629)
6(2633 2634 3833 5433 2555 2631)
6(2635 2636 3873 5473 2557 2633)
6(2637 2638 3913 5513 2559 2635)
6(2639 2640 3953 5553 2561 2637)
6(2641 2642 3993 5593 2563 2639)
6(2643 2644 4033 5633 2565 2641)
6(2645 2646 4073 5673 2567 2643)
6(2647 2648 4113 5713 2569 2645)
6(2649 2650 4153 5753 2571 2647)
6(2651 2652 4193 5793 2573 2649)
6(2653 2654 4233 5833 2575 2651)
6(2655 2656 4273 5873 2577 2653)
6(2657 2658 4313 5913 2579 2655)
6(2659 2660 4353 5953 2581 2657)
6(2661 2662 4393 5993 2583 2659)
6(2663 2664 4433 6033 2585 2661)
6(2665 2666 4473 6073 2587 2663)
6(2667 2668 4513 6113 2589 2665)
6(2669 2670 4553 6153 2591 2667)
6(2671 2672 4593 6193 2593 2669)
6(2673 2674 4633 6233 2595 2671)
6(2675 2676 4673 6273 2597 2673)
6(2677 2678 4713 6313 2599 2675)
6(2679 2680 4753 6353 2601 2677)
6(2681 2682 4793 6393 2603 2679)
6(2683 2684 4833 6433 2605 2681)
6(2685 3193 4873 6473 2606 2683)
6(2686 2687 3154 3314 4914 2608)
6(2688 2689 3354 4954 2610 2686)
6(2690 2691 3394 4994 2612 2688)
6(2692 2693 3434 5034 2614 2690)
6(2694 2695 3474 5074 2616 2692)
6(2696 2697 3514 5114 2618 2694)
6(2698 2699 3554 5154 2620 2696)
6(2700 2701 3594 5194 2622 2698)
6(2702 2703 3634 5234 2624 2700)
6(2704 2705 3674 5274 2626 2702)
6(2706 2707 3714 5314 2628 2704)
6(2708 2709 3754 5354 2630 2706)
6(2710 2711 3794 5394 2632 2708)
6(2712 2713 3834 5434 2634 2710)
6(2714 2715 3874 5474 2636 2712)
6(2716 2717 3914 5514 2638 2714)
6(2718 2719 3954 5554 2640 2716)
6(2720 2721 3994 5594 2642 2718)
6(2722 2723 4034 5634 2644 2720)
6(2724 2725 4074 5674 2646 2722)
6(2726 2727 4114 5714 2648 2724)
6(2728 2729 4154 5754 2650 2726)
6(2730 2731 4194 5794 2652 2728)
6(2732 2733 4234 5834 2654 2730)
6(2734 2735 4274 5874 2656 2732)
6(2736 2737 4314 5914 2658 2734)
6(2738 2739 4354 5954 2660 2736)
6(2740 2741 4394 5994 2662 2738)
6(2742 2743 4434 6034 2664 2740)
6(2744 2745 4474 6074 2666 2742)
6(2746 2747 4514 6114 2668 2744)
6(2748 2749 4554 6154 2670 2746)
6(2750 2751 4594 6194 2672 2748)
6(2752 2753 4634 6234 2674 2750)
6(2754 2755 4674 6274 2676 2752)
6(2756 2757 4714 6314 2678 2754)
6(2758 2759 4754 6354 2680 2756)
6(2760 2761 4794 6394 2682 2758)
6(2762 2763 4834 6434 2684 2760)
6(2764 3194 4874 6474 2685 2762)
6(2765 2766 3155 3315 4915 2687)
6(2767 2768 3355 4955 2689 2765)
6(2769 2770 3395 4995 2691 2767)
6(2771 2772 3435 5035 2693 2769)
6(2773 2774 3475 5075 2695 2771)
6(2775 2776 3515 5115 2697 2773)
6(2777 2778 3555 5155 2699 2775)
6(2779 2780 3595 5195 2701 2777)
6(2781 2782 3635 5235 2703 2779)
6(2783 2784 3675 5275 2705 2781)
6(2785 2786 3715 5315 2707 2783)
6(2787 2788 3755 5355 2709 2785)
6(2789 2790 3795 5395 2711 2787)
6(2791 2792 3835 5435 2713 2789)
6(2793 2794 3875 5475 2715 2791)
6(2795 2796 3915 5515 2717 2793)
6(2797 2798 3955 5555 2719 2795)
6(2799 2800 3995 5595 2721 2797)
6(2801 2802 4035 5635 2723 2799)
6(2803 2804 4075 5675 2725 2801)
6(2805 2806 4115 5715 2727 2803)
6(2807 2808 4155 5755 2729 2805)
6(2809 2810 4195 5795 2731 2807)
6(2811 2812 4235 5835 2733 2809)
6(2813 2814 4275 5875 2735 2811)
6(2815 2816 4315 5915 2737 2813)
6(2817 2818 4355 5955 2739 2815)
6(2819 2820 4395 5995 2741 2817)
6(2821 2822 4435 6035 2743 2819)
6(2823 2824 4475 6075 2745 2821)
6(2825 2826 4515 6115 2747 2823)
6(2827 2828 4555 6155 2749 2825)
6(2829 2830 4595 6195 2751 2827)
6(2831 2832 4635 6235 2753 2829)
6(2833 2834 4675 6275 2755 2831)
6(2835 2836 4715 6315 2757 2833)
6(2837 2838 4755 6355 2759 2835)
6(2839 2840 4795 6395 2761 2837)
6(2841 2842 4835 6435 2763 2839)
6(2843 3195 4875 6475 2764 2841)
6(2844 2845 3156 3316 4916 2766)
6(2846 2847 3356 4956 2768 2844)
6(2848 2849 3396 4996 2770 2846)
6(2850 2851 3436 5036 2772 2848)
6(2852 2853 3476 5076 2774 2850)
6(2854 2855 3516 5116 2776 2852)
6(2856 2857 3556 5156 2778 2854)
6(2858 2859 3596 5196 2780 2856)
6(2860 2861 3636 5236 2782 2858)
6(2862 2863 3676 5276 2784 2860)
6(2864 2865 3716 5316 2786 2862)
6(2866 2867 3756 5356 2788 2864)
6(2868 2869 3796 5396 2790 2866)
6(2870 2871 3836 5436 2792 2868)
6(2872 2873 3876 5476 2794 2870)
6(2874 2875 3916 5516 2796 2872)
6(2876 2877 3956 5556 2798 2874)
6(2878 2879 3996 5596 2800 2876)
6(2880 2881 4036 5636 2802 2878)
6(2882 2883 4076 5676 2804 2880)
6(2884 2885 4116 5716 2806 2882)
6(2886 2887 4156 5756 2808 2884)
6(2888 2889 4196 5796 2810 2886)
6(2890 2891 4236 5836 2812 2888)
6(2892 2893 4276 5876 2814 2890)
6(2894 2895 4316 5916 2816 2892)
6(2896 2897 4356 5956 2818 2894)
6(2898 2899 4396 5996 2820 2896)
6(2900 2901 4436 6036 2822 2898)
6(2902 2903 4476 6076 2824 2900)
6(2904 2905 4516 6116 2826 2902)
6(2906 2907 4556 6156 2828 2904)
6(2908 2909 4596 6196 2830 2906)
6(2910 2911 4636 6236 2832 2908)
6(2912 2913 4676 6276 2834 2910)
6(2914 2915 4716 6316 2836 2912)
6(2916 2917 4756 6356 2838 2914)
6(2918 2919 4796 6396 2840 2916)
6(2920 2921 4836 6436 2842 2918)
6(2922 3196 4876 6476 2843 2920)
6(2923 2924 3157 3317 4917 2845)
6(2925 2926 3357 4957 2847 2923)
6(2927 2928 3397 4997 2849 2925)
6(2929 2930 3437 5037 2851 2927)
6(2931 2932 3477 5077 2853 2929)
6(2933 2934 3517 5117 2855 2931)
6(2935 2936 3557 5157 2857 2933)
6(2937 2938 3597 5197 2859 2935)
6(2939 2940 3637 5237 2861 2937)
6(2941 2942 3677 5277 2863 2939)
6(2943 2944 3717 5317 2865 2941)
6(2945 2946 3757 5357 2867 2943)
6(2947 2948 3797 5397 2869 2945)
6(2949 2950 3837 5437 2871 2947)
6(2951 2952 3877 5477 2873 2949)
6(2953 2954 3917 5517 2875 2951)
6(2955 2956 3957 5557 2877 2953)
6(2957 2958 3997 5597 2879 2955)
6(2959 2960 4037 5637 2881 2957)
6(2961 2962 4077 5677 2883 2959)
6(2963 2964 4117 5717 2885 2961)
6(2965 2966 4157 5757 2887 2963)
6(2967 2968 4197 5797 2889 2965)
6(2969 2970 4237 5837 2891 2967)
6(2971 2972 4277 5877 2893 2969)
6(2973 2974 4317 5917 2895 2971)
6(2975 2976 4357 5957 2897 2973)
6(2977 2978 4397 5997 2899 2975)
6(2979 2980 4437 6037 2901 2977)
6(2981 2982 4477 6077 2903 2979)
6(2983 2984 4517 6117 2905 2981)
6(2985 2986 4557 6157 2907 2983)
6(2987 2988 4597 6197 2909 2985)
6(2989 2990 4637 6237 2911 2987)
6(2991 2992 4677 6277 2913 2989)
6(2993 2994 4717 6317 2915 2991)
6(2995 2996 4757 6357 2917 2993)
6(2997 2998 4797 6397 2919 2995)
6(2999 3000 4837 6437 2921 2997)
6(3001 3197 4877 6477 2922 2999)
6(3002 3003 3158 3318 4918 2924)
6(3004 3005 3358 4958 2926 3002)
6(3006 3007 3398 4998 2928 3004)
6(3008 3009 3438 5038 2930 3006)
6(3010 3011 3478 5078 2932 3008)
6(3012 3013 3518 5118 2934 3010)
6(3014 3015 3558 5158 2936 3012)
6(3016 3017 3598 5198 2938 3014)
6(3018 3019 3638 5238 2940 3016)
6(3020 3021 3678 5278 2942 3018)
6(3022 3023 3718 5318 2944 3020)
6(3024 3025 3758 5358 2946 3022)
6(3026 3027 3798 5398 2948 3024)
6(3028 3029 3838 5438 2950 3026)
6(3030 3031 3878 5478 2952 3028)
6(3032 3033 3918 5518 2954 3030)
6(3034 3035 3958 5558 2956 3032)
6(3036 3037 3998 5598 2958 3034)
6(3038 3039 4038 5638 2960 3036)
6(3040 3041 4078 5678 2962 3038)
6(3042 3043 4118 5718 2964 3040)
6(3044 3045 4158 5758 2966 3042)
6(3046 3047 4198 5798 2968 3044)
6(3048 3049 4238 5838 2970 3046)
6(3050 3051 4278 5878 2972 3048)
6(3052 3053 4318 5918 2974 3050)
6(3054 3055 4358 5958 2976 3052)
6(3056 3057 4398 5998 2978 3054)
6(3058 3059 4438 6038 2980 3056)
6(3060 3061 4478 6078 2982 3058)
6(3062 3063 4518 6118 2984 3060)
6(3064 3065 4558 6158 2986 3062)
6(3066 3067 4598 6198 2988 3064)
6(3068 3069 4638 6238 2990 3066)
6(3070 3071 4678 6278 2992 3068)
6(3072 3073 4718 6318 2994 3070)
6(3074 3075 4758 6358 2996 3072)
6(3076 3077 4798 6398 2998 3074)
6(3078 3079 4838 6438 3000 3076)
6(3080 3198 4878 6478 3001 3078)
6(3081 3159 3240 3319 4919 3003)
6(3082 3241 3359 4959 3005 3081)
6(3083 3242 3399 4999 3007 3082)
6(3084 3243 3439 5039 3009 3083)
6(3085 3244 3479 5079 3011 3084)
6(3086 3245 3519 5119 3013 3085)
6(3087 3246 3559 5159 3015 3086)
6(3088 3247 3599 5199 3017 3087)
6(3089 3248 3639 5239 3019 3088)
6(3090 3249 3679 5279 3021 3089)
6(3091 3250 3719 5319 3023 3090)
6(3092 3251 3759 5359 3025 3091)
6(3093 3252 3799 5399 3027 3092)
6(3094 3253 3839 5439 3029 3093)
6(3095 3254 3879 5479 3031 3094)
6(3096 3255 3919 5519 3033 3095)
6(3097 3256 3959 5559 3035 3096)
6(3098 3257 3999 5599 3037 3097)
6(3099 3258 4039 5639 3039 3098)
6(3100 3259 4079 5679 3041 3099)
6(3101 3260 4119 5719 3043 3100)
6(3102 3261 4159 5759 3045 3101)
6(3103 3262 4199 5799 3047 3102)
6(3104 3263 4239 5839 3049 3103)
6(3105 3264 4279 5879 3051 3104)
6(3106 3265 4319 5919 3053 3105)
6(3107 3266 4359 5959 3055 3106)
6(3108 3267 4399 5999 3057 3107)
6(3109 3268 4439 6039 3059 3108)
6(3110 3269 4479 6079 3061 3109)
6(3111 3270 4519 6119 3063 3110)
6(3112 3271 4559 6159 3065 3111)
6(3113 3272 4599 6199 3067 3112)
6(3114 3273 4639 6239 3069 3113)
6(3115 3274 4679 6279 3071 3114)
6(3116 3275 4719 6319 3073 3115)
6(3117 3276 4759 6359 3075 3116)
6(3118 3277 4799 6399 3077 3117)
6(3119 3278 4839 6439 3079 3118)
6(3199 3279 4879 6479 3080 3119)
)